3.33999999999985	-0.197108172934527
3.99999999999978	-0.756802495307785
1.254	0.950238313574899
0.064	0.0639563182803093
5.50799999999962	-0.699848450679291
3.89599999999979	-0.684856935588356
0.456	0.440360354953183
2.71599999999992	0.412860639675995
2.59599999999994	0.51892479368938
0.604	0.567939289917337
1.476	0.995510191970813
5.52399999999961	-0.688330697855257
1.13	0.904412189378826
4.86799999999969	-0.987917017076716
3.42399999999984	-0.278668438904853
5.19199999999965	-0.887174478712549
5.31399999999964	-0.824424894171813
5.88399999999957	-0.388667831379855
0.25	0.247403959254523
3.21199999999987	-0.070349190342268
2.85399999999991	0.283644573787778
6.07599999999955	-0.205706221126853
5.79599999999958	-0.468140531223877
5.09599999999966	-0.927319182759369
0.838000000000001	0.743306705923384
5.94399999999957	-0.332718926097015
3.43599999999984	-0.290172746872839
2.11199999999999	0.857089208459723
3.51799999999983	-0.367581712490969
4.65199999999971	-0.998177139596732
2.19399999999998	0.812012836445522
1.762	0.981776199402622
2.51799999999994	0.58395538785348
0.622	0.582661754295526
6.07199999999955	-0.209619020201989
4.50799999999973	-0.979185185275703
5.6639999999996	-0.580371906852055
4.13799999999977	-0.839524439470339
0.916000000000001	0.793171981067395
5.46999999999962	-0.726479760593674
2.37199999999996	0.695842742546116
3.20399999999987	-0.0623668448896341
0.0860000000000001	0.0858940298620156
0.002	0.00199999866666693
1.176	0.923074920335511
2.51599999999994	0.58557779036206
6.17799999999954	-0.104991453640733
0.998000000000001	0.840388697975155
6.11799999999955	-0.164435118573092
3.23399999999987	-0.0922758896814135
3.06799999999988	0.0735262434288814
1.982	0.916640363189436
1.494	0.997052611084689
4.16599999999976	-0.854406393569075
5.06999999999966	-0.936735728424197
3.64399999999982	-0.481536792582745
0.974000000000001	0.827140306356327
4.95999999999968	-0.969500699453888
0.648	0.603593028827979
2.032	0.895517480100324
4.66999999999971	-0.999101721687172
4.86399999999969	-0.988529047157399
3.75399999999981	-0.574838974934466
2.85599999999991	0.281726148808895
3.46199999999984	-0.314953202147083
2.47199999999995	0.620666648583148
0.846000000000001	0.74863446936134
3.88199999999979	-0.674588668193457
3.66799999999982	-0.502430318457394
1.992	0.912597468644503
6.01999999999956	-0.260157491430894
0.870000000000001	0.764328937025506
3.8379999999998	-0.641465722612986
1.502	0.997634465923765
4.36799999999974	-0.94128192172431
1.492	0.996897175357602
1.888	0.950111336594337
2.63599999999993	0.484326030621778
0.222	0.220180980219234
3.68199999999982	-0.514485333540076
3.55999999999983	-0.406305702144261
4.09799999999977	-0.817125827383967
0.556	0.527792937030293
4.47799999999973	-0.972656431413499
2.22199999999998	0.795354775369641
5.41799999999963	-0.761215448233796
0.628	0.587527525713892
5.72799999999959	-0.527100783808976
1.5	0.997494986604055
5.74199999999959	-0.515152278504984
1.628	0.998364315990885
5.6839999999996	-0.563969891086371
2.33199999999996	0.724006249575546
4.46399999999973	-0.969309736819711
4.52599999999972	-0.98267980441259
3.00399999999989	0.137158919674926
0.274	0.270584376145432
4.36399999999974	-0.939923908685908
4.68399999999971	-0.999597059959371
3.41999999999984	-0.274824670322975
5.86199999999958	-0.408842457240957
1.116	0.898350516244738
3.41399999999985	-0.269050791959123
6.00399999999956	-0.27557259197355
2.98199999999989	0.158916049917609
0.64	0.597195441362392
3.37799999999985	-0.234211419040463
2.25799999999997	0.773022963300625
2.69799999999992	0.429187168553027
3.39599999999985	-0.251671875242781
4.32599999999975	-0.926275894546143
5.36399999999963	-0.795107798729022
0.66	0.613116851973434
0.864000000000001	0.760446243076187
0.044	0.0439858040409052
4.25799999999975	-0.898529380575056
1.506	0.997901452411632
2.85799999999991	0.279806596925793
5.47399999999962	-0.723725204646013
0.126	0.125666868549729
2.76199999999992	0.370542150444313
5.29799999999964	-0.833374525622964
2.9399999999999	0.200229984721871
1.75	0.983985946873937
3.60999999999982	-0.451465752161266
6.10999999999955	-0.172320875716055
6.01199999999956	-0.267873613612141
2.75799999999992	0.37425443881029
1.106	0.893912878776202
0.0840000000000001	0.0839012508451409
2.36599999999996	0.700139356628772
3.69799999999981	-0.528138882303786
0	0
3.31999999999986	-0.177462424840719
6.24999999999953	-0.0331792165480229
4.48799999999973	-0.97493024745673
5.95399999999957	-0.323272187037833
4.7519999999997	-0.999215586134838
3.65399999999982	-0.490276828640732
3.00999999999989	0.131213192150293
5.12999999999966	-0.914060465508046
1.612	0.9991512487475
3.44399999999984	-0.297819173991269
2.34799999999996	0.712877355061236
3.97399999999978	-0.739553891006944
2.06599999999999	0.879871940366164
2.68199999999993	0.443583066375058
2.43599999999995	0.64848508752226
2.10799999999999	0.859143018339731
1.882	0.951965689183455
0.0940000000000001	0.0938616304791369
4.41999999999974	-0.957558007449195
0.742000000000001	0.675763499185606
2.13399999999999	0.845549019028189
3.73999999999981	-0.563327284100213
6.26799999999953	-0.0151847235811246
3.70799999999981	-0.536603914124964
2.42199999999995	0.659078371908827
4.46799999999973	-0.970285350537672
4.89799999999968	-0.982823672209983
4.04399999999978	-0.78482106889495
3.49999999999984	-0.350783227689466
3.77399999999981	-0.591088251045339
3.13399999999988	0.00759258063941971
1.426	0.989535314584739
3.32399999999986	-0.181397504953774
5.29399999999964	-0.835578687514717
2.64999999999993	0.472030541289944
4.52399999999972	-0.982307216031079
3.7999999999998	-0.611857890942563
1.69	0.992903651094118
3.14199999999988	-0.000407346398817081
2.07199999999999	0.877004854621525
3.57199999999983	-0.417241031768031
2.17199999999998	0.824655372173023
5.45599999999962	-0.736028882534777
5.88799999999957	-0.384979220090854
4.94999999999968	-0.971903069401897
2.14999999999998	0.836898790798506
1.112	0.896586216723875
3.95999999999979	-0.730058360839153
2.82999999999991	0.306574986383609
1.586	0.999884426386815
5.78999999999958	-0.473433997082301
2.20399999999998	0.806135937665315
3.76399999999981	-0.582992762385109
4.7199999999997	-0.999971036330027
0.43	0.416870802429211
1.03	0.857298989188604
2.18999999999998	0.814340892425807
0.17	0.169182349066996
5.25199999999964	-0.857908605286658
5.71199999999959	-0.540629580692184
2.82399999999991	0.312280512841237
1.86	0.958471283078914
3.31399999999986	-0.171554500493313
3.51999999999983	-0.369440958544323
4.51599999999972	-0.980777585368737
6.11199999999955	-0.17035045064758
3.53999999999983	-0.387950917941575
3.10199999999988	0.0395823103037468
0.812000000000001	0.725664721742849
2.70999999999992	0.418317940675729
2.29799999999997	0.747036271921006
1.404	0.986121713159752
0.694000000000001	0.639617065764671
3.07199999999988	0.0695364927270889
4.66399999999971	-0.998829481712132
2.14799999999999	0.837991831602633
3.24399999999986	-0.102228444755515
5.51199999999961	-0.696985694080741
0.434	0.420503320770311
6.08599999999955	-0.195909961099866
2.31799999999997	0.733592090420814
4.28399999999975	-0.909636156866623
3.26399999999986	-0.122101892400915
5.55999999999961	-0.66177605499333
5.90999999999957	-0.364583341424701
5.6099999999996	-0.623479545278995
1.566	0.999988497646689
5.87399999999958	-0.397862024034305
5.43199999999962	-0.752062159961777
4.25199999999975	-0.895879742635399
4.63999999999971	-0.997381061698072
4.41799999999974	-0.956979611452633
5.96999999999956	-0.308090558682792
0.234	0.231870354911687
1.782	0.977779288689173
1.604	0.999448808685599
5.04399999999967	-0.945519076407952
3.49399999999984	-0.345158207198946
2.86999999999991	0.268266050929709
5.73399999999959	-0.521992509940369
3.61599999999982	-0.456811324368422
5.16999999999965	-0.897110522849796
5.15599999999965	-0.903207692068079
5.81399999999958	-0.452159780880661
5.96599999999956	-0.311893511952981
0.526	0.502078077864719
0.244	0.241586066347137
5.69599999999959	-0.554019979355269
2.23399999999998	0.788023954779235
3.55599999999983	-0.402647512636934
0.862000000000001	0.759145921277068
2.32399999999997	0.729501369929095
5.42999999999962	-0.753378839327994
3.87599999999979	-0.67014738923653
2.24199999999997	0.783073634056232
1.516	0.998499056906944
5.90599999999957	-0.368305097875556
0.922000000000001	0.796811668339184
5.18999999999965	-0.888095571982915
3.98799999999978	-0.74890447097964
5.52799999999961	-0.685423610836626
4.04199999999978	-0.78358005522032
0.728000000000001	0.665377953453749
6.07999999999955	-0.201790130756567
0.58	0.548023936791874
2.29599999999997	0.748364343521178
4.01199999999978	-0.764591541384355
3.54399999999983	-0.391634524643545
2.67199999999993	0.452523070673568
3.45199999999984	-0.30544654078422
5.38799999999963	-0.78032498090186
0.33	0.324043028394869
4.97399999999967	-0.965974562425567
3.32599999999986	-0.183363960559996
1.23	0.942488801931698
2.042	0.891022515375293
0.338	0.331600917092802
1.592	0.999775210543527
0.004	0.00399998933334187
5.58999999999961	-0.638990604328526
0.794000000000001	0.713162963353938
3.15999999999987	-0.0184063069329273
5.82399999999958	-0.443217952180617
3.38199999999985	-0.238098277732071
5.86799999999958	-0.403359501086869
5.04199999999967	-0.94616831833634
1.156	0.915198420498669
3.93399999999979	-0.712045611914728
3.51199999999983	-0.361995182150053
0.388	0.378337837860082
4.83199999999969	-0.992855126444351
2.58799999999994	0.525746674426381
4.05799999999978	-0.793419988284661
4.69199999999971	-0.999792151939966
3.65599999999982	-0.49201898046156
4.17599999999976	-0.859559640455668
3.71199999999981	-0.539974949293441
2.25999999999997	0.771752662020143
2.70399999999992	0.423760182274776
0.760000000000001	0.688921445110552
1.198	0.931312506863866
5.00199999999967	-0.958355032822612
6.14199999999955	-0.140716726473749
1.22	0.939099356319068
1.544	0.999640999917384
3.93999999999979	-0.716245569123822
1.944	0.931164065440784
5.39999999999963	-0.772764487556224
1.828	0.967105080119865
3.52199999999983	-0.371298726834335
3.17399999999987	-0.0324016741470897
0.642	0.598798437418216
2.97999999999989	0.160890314967561
2.58599999999994	0.527446904179436
1.854	0.960165154736258
4.03999999999978	-0.782335907226514
1.362	0.978281123759561
1.504	0.997769954706943
5.41399999999963	-0.763803347873546
2.66199999999993	0.461417823042111
1.758	0.982528506256655
4.40799999999974	-0.954030259519652
3.02599999999989	0.115335407192602
2.55999999999994	0.549355436427177
2.82599999999991	0.310379909672127
4.57999999999972	-0.99124937105223
0.932000000000001	0.802814004811893
4.29199999999975	-0.912930260420516
1.956	0.926721922117541
2.54599999999994	0.560999461214719
3.21999999999987	-0.0783270334707325
0.038	0.0379908553269371
1.416	0.98804295337092
4.7819999999997	-0.997578131180683
4.14399999999977	-0.842769240073642
4.42599999999973	-0.959270204876643
3.31799999999986	-0.1754938160742
5.99599999999956	-0.283253933783134
0.910000000000001	0.789503739689951
0.372	0.363479362182449
4.09399999999977	-0.814813459134891
0.048	0.04798157012325
2.23999999999997	0.784315925084436
0.0780000000000001	0.0779209320563015
0.254	0.251277619377273
0.264	0.260944044854869
4.12399999999977	-0.831835908928508
4.15999999999976	-0.851273400935451
3.10799999999988	0.0335863359163835
6.01799999999956	-0.262088102221486
1.744	0.985037705097079
2.12799999999999	0.848737166746359
3.8179999999998	-0.625995422646767
0.792000000000001	0.711759541404381
0.412	0.400442771188839
3.90199999999979	-0.689216647292454
3.75999999999981	-0.579738197728586
1.57	0.999999682931835
1.178	0.923842314055778
2.51999999999994	0.582330649524127
1.792	0.975634065289904
3.62399999999982	-0.463913139444443
2.29199999999997	0.751011501052084
4.7579999999997	-0.998959997762293
4.7099999999997	-0.999997146387717
4.00199999999978	-0.758108268073502
2.26999999999997	0.765354952529272
0.940000000000001	0.807558100405115
5.80799999999958	-0.457503231652239
5.24599999999964	-0.860975958406714
1.872	0.954980087397565
0.790000000000001	0.710353272417608
4.78999999999969	-0.996989776271793
1.034	0.859351400694318
4.33999999999974	-0.931460793753149
1.328	0.970669483836037
4.92599999999968	-0.977271787080912
2.99599999999989	0.145078838527906
3.03399999999989	0.107385188404277
0.104	0.103812624028303
0.174	0.173123324164751
2.36799999999996	0.698709944863793
5.44399999999962	-0.744099095740272
0.444	0.429555054557026
5.02599999999967	-0.951225790607517
4.85199999999969	-0.990270200833046
5.88599999999957	-0.386824299383695
3.88799999999979	-0.679005662031185
1.17	0.920750597736136
1.878	0.953182889056228
2.72399999999992	0.405561152250197
4.53999999999972	-0.985177781503812
1.162	0.917599953692521
6.26399999999953	-0.019184130259823
5.6619999999996	-0.581999448126202
5.02399999999967	-0.951840878815787
0.358	0.350401736327365
5.89599999999957	-0.377583577651182
3.70999999999981	-0.53829050828986
0.626	0.585907943376195
1.336	0.972561745038164
1.512	0.998271993874696
3.8679999999998	-0.664188183579161
2.22999999999998	0.790480222342019
3.09999999999988	0.0415806624334103
3.18599999999987	-0.0443927525427085
5.26599999999964	-0.850631534100407
6.14799999999954	-0.134773929826851
6.03199999999956	-0.248552244040413
5.23399999999965	-0.867017570213712
2.27399999999997	0.762774402888112
2.46399999999995	0.626919316906888
3.69999999999981	-0.529836140908336
4.54399999999972	-0.985856043889238
0.194	0.192785390573121
5.03399999999967	-0.948727413587247
1.584	0.99991283277333
5.85799999999958	-0.412489596681651
1.608	0.999308023170076
0.384	0.374632150689742
1.196	0.93058220251172
6.20199999999954	-0.0810961537738819
4.7159999999997	-0.999993480275755
2.80399999999991	0.331216590942048
1.002	0.842549905757822
5.03799999999967	-0.947455445595252
0.418	0.405933460875763
6.04399999999956	-0.236911205556286
1.718	0.98918508942817
4.93199999999968	-0.97598226254183
4.53599999999972	-0.984483756294899
1.764	0.981394154564137
5.74399999999959	-0.513437052003761
0.472	0.454668514994433
0.442	0.427748115307458
3.23999999999986	-0.0982485937449739
1.484	0.996235563032201
1.8	0.973847630878195
4.36599999999974	-0.940604796414075
4.91999999999968	-0.978526129941204
1.822	0.96861392637175
4.89599999999968	-0.983190800502196
2.34599999999996	0.714278505823131
0.592	0.558021790441389
4.90599999999968	-0.981315861028317
5.12199999999966	-0.91727580463975
3.04999999999989	0.0914646422325509
3.19599999999987	-0.054380507980215
5.47599999999962	-0.722343581564947
4.02599999999978	-0.773539529941198
4.14199999999977	-0.841691005193304
2.74799999999992	0.383508832255539
4.65399999999971	-0.998295847727376
4.92399999999968	-0.97769381269911
1.05	0.867423225594017
4.98599999999967	-0.962801442488802
2.47399999999995	0.619097259181185
3.45399999999984	-0.307350347074405
0.458	0.442155115269287
1.306	0.965145824763695
4.50199999999973	-0.977949753923257
0.0820000000000001	0.0819081362233746
1.998	0.910127901349666
0.696000000000001	0.641153172912237
0.606	0.569584293838435
3.37999999999985	-0.236155320696751
5.89799999999957	-0.375730872702403
2.25399999999997	0.775554284520285
6.27599999999953	-0.0071852453522765
2.57999999999994	0.532534907555674
4.02199999999978	-0.770998356178226
5.01199999999967	-0.955451368412529
4.24199999999975	-0.891392056868454
4.54799999999972	-0.986518532598993
5.46199999999962	-0.731953957620124
0.312	0.306962692196368
2.73599999999992	0.394563400476801
0.972000000000001	0.826014661876162
1.27	0.955100855584692
4.20199999999976	-0.872554550251507
0.800000000000001	0.717356090899523
4.17399999999976	-0.858535851131367
3.99399999999978	-0.752867034709683
3.8439999999998	-0.646057058831172
2.05999999999999	0.882707350815977
5.6459999999996	-0.594935425535164
0.752000000000001	0.683100773508432
4.21799999999976	-0.880258799208907
0.896000000000001	0.780834209777981
1.272	0.955691506734428
4.13599999999977	-0.838436117293971
4.7619999999997	-0.998769625752658
4.7639999999997	-0.998668446937716
5.38999999999963	-0.779072672631636
1.398	0.98510782503048
3.62799999999982	-0.467452941459712
2.9299999999999	0.210017299250998
0.876000000000001	0.768184115215639
4.21999999999976	-0.881206025828211
1.146	0.911122692752395
2.53999999999994	0.565956230448751
0.292	0.287868139673943
0.522	0.498614781286056
1.91	0.94301993129001
3.96599999999978	-0.734145504047773
1.684	0.993599304016626
3.62199999999982	-0.462140451417237
5.03999999999967	-0.946813775592716
2.43799999999995	0.646961336850576
5.35199999999963	-0.802327994510325
4.24599999999975	-0.893197853121761
5.44199999999962	-0.745433745171161
2.66999999999993	0.454305669830371
4.85999999999969	-0.989125260794416
5.39599999999963	-0.775297070182283
4.58399999999972	-0.99176945002923
2.60199999999994	0.5137865644549
1.678	0.994259187471498
0.0740000000000001	0.0739324811559778
2.26799999999997	0.766640637799159
4.79599999999969	-0.996506634530057
3.18799999999987	-0.0463906907368471
0.344	0.337255432853706
5.33399999999963	-0.812941341863426
0.678	0.627236622032102
3.35799999999985	-0.214722160787532
5.11799999999966	-0.91886147241838
3.58799999999983	-0.431727739473669
5.77999999999959	-0.482218471745295
4.43599999999973	-0.962047095993287
1.098	0.890298386009253
2.77599999999992	0.357502843557821
5.75199999999959	-0.50655567725573
0.4	0.389418342308651
4.92199999999968	-0.97811192754336
1.038	0.861390062595954
0.614	0.576141460495388
2.87199999999991	0.266338825955363
5.01999999999967	-0.953059630700468
5.6359999999996	-0.602943280051073
5.08999999999966	-0.92954810641065
6.16999999999954	-0.112943794063922
2.14199999999999	0.841250824796168
3.12599999999988	0.0155920217550872
0.690000000000001	0.636537182221968
3.17999999999987	-0.0383979045051067
4.48999999999973	-0.975373318704606
2.18399999999998	0.817808534618759
1.394	0.984412195207939
2.16399999999998	0.829154019062325
2.76799999999992	0.364962620233037
3.61999999999982	-0.460365914828841
3.96799999999978	-0.735502019209553
4.89999999999968	-0.982452612624392
1.696	0.992172253747404
5.08199999999966	-0.932467936379206
1.946	0.93043300271287
5.17799999999965	-0.893547403644403
5.84599999999958	-0.423391183167556
2.44799999999995	0.639303888086681
1.936	0.934051040783287
6.06399999999955	-0.217434494101667
5.24199999999964	-0.863003647789687
3.38799999999985	-0.243921403413046
0.468	0.451102244219167
3.61399999999982	-0.455031284714757
4.13199999999977	-0.836249416077883
4.23799999999976	-0.889571998361253
3.47599999999984	-0.328209404008118
2.32199999999997	0.730867868714935
1.588	0.999852020463927
5.73199999999959	-0.523697364955679
5.21399999999965	-0.876809059446155
4.45799999999973	-0.967817241935358
4.30799999999975	-0.919342978770958
4.7399999999997	-0.999618840014194
6.06199999999955	-0.219386207762499
4.17999999999976	-0.86159690031062
1.186	0.926874904782658
0.01	0.00999983333416666
3.27199999999986	-0.130038041031122
3.01999999999989	0.12129325503074
1.664	0.995659681017739
4.46999999999973	-0.970767336658223
4.05999999999977	-0.79463574975726
0.654	0.608365890953892
1.004	0.843625456509247
1.238	0.945132515746355
5.97199999999956	-0.30618722970077
3.36799999999985	-0.224478013721151
6.18599999999954	-0.0970323938003475
3.23799999999986	-0.0962580747680867
2.26599999999997	0.767923256507518
6.18999999999954	-0.093050503263147
1.692	0.992663822307447
3.42199999999984	-0.276747108107946
2.73399999999992	0.396400347563374
5.20199999999965	-0.882515856093684
2.9239999999999	0.215879669774181
4.54999999999972	-0.986843858503191
1.368	0.979507202407083
4.60999999999971	-0.994762826074646
0.416	0.404104844958654
1.556	0.999890536353796
0.978000000000001	0.829381665146948
2.16999999999998	0.825784993105618
1.442	0.991717212519229
4.04799999999978	-0.787293673443026
1.756	0.982898765262978
4.99599999999967	-0.960051248995387
6.15999999999954	-0.122873995107003
3.07399999999988	0.0675411961673398
6.18199999999954	-0.101012731821317
1.08	0.881957806884948
5.82799999999958	-0.439628760477648
2.14399999999999	0.840167852953505
5.44999999999962	-0.740077310489149
2.69999999999992	0.427379880233898
1.7	0.991664810452468
3.44999999999984	-0.303541512708278
3.87799999999979	-0.67163050405053
4.84599999999969	-0.991087318590215
2.60399999999993	0.512069701942708
2.35199999999996	0.710066504628043
1.214	0.937020590474694
3.17599999999987	-0.0344005578669415
3.03599999999989	0.105396539975683
3.97199999999978	-0.738206218097535
1.132	0.905263699602031
3.63399999999982	-0.472748603246778
6.15599999999954	-0.126842690649488
3.51399999999983	-0.363858816848045
1.708	0.990602332388109
0.534	0.508980516022301
0.142	0.141523266230238
3.48599999999984	-0.337638886141227
4.52199999999972	-0.981930698422013
3.22599999999987	-0.0843071540097671
1.076	0.880065442802704
2.8999999999999	0.239249329214077
4.86199999999969	-0.988829131633511
1.01	0.846831844618016
0.476	0.458227511083159
1.88	0.952576194271595
5.20799999999965	-0.879678291931672
3.35999999999985	-0.216675080387235
1.812	0.971051154987587
5.08799999999966	-0.930283648526378
1.34	0.97348454169532
6.23999999999953	-0.0431718852091937
4.37199999999974	-0.942624874272046
4.25399999999975	-0.896766543524548
0.058	0.057967486802535
3.71999999999981	-0.54669104706913
5.02999999999967	-0.949984201960865
3.25799999999986	-0.116144624880649
4.27399999999975	-0.905436685667358
1.644	0.997321807421731
0.948000000000001	0.812250512555556
3.05199999999989	0.0894728439819936
1.032	0.858326911594712
5.6299999999996	-0.607719102724302
5.10199999999966	-0.925056875717658
1.706	0.99087389821205
4.12999999999977	-0.835151045784965
1.266	0.953908094456661
0.528	0.503806717147882
5.6759999999996	-0.570558136487502
3.03199999999989	0.109373407292261
0.494	0.474151445191971
5.28799999999964	-0.838859852062823
6.11399999999955	-0.168379344177531
3.43199999999984	-0.286342538572501
5.30799999999964	-0.827805862425019
2.048	0.888282738677222
0.448	0.433163771176343
6.25999999999953	-0.0231832299928465
0.206	0.204546118942549
1.934	0.934763451291747
5.03199999999967	-0.949357706488836
0.686	0.633447114097929
2.12199999999999	0.851894760018189
3.8639999999998	-0.661192616375835
2.74199999999992	0.389043119121306
1.078	0.881013386870012
3.74799999999981	-0.56991905799933
3.53799999999983	-0.386106783200694
4.7539999999997	-0.999134386433275
3.11799999999988	0.0235904649866844
2.23599999999998	0.786791090396266
1.694	0.99242002286681
5.57799999999961	-0.64817495049736
3.8359999999998	-0.639930137310182
4.45999999999973	-0.96831861416664
1.938	0.933334894071909
4.99199999999967	-0.961162862528039
2.10599999999999	0.860164770473721
0.0920000000000001	0.0918702735790599
3.37599999999985	-0.232266580538811
4.19799999999976	-0.870593508273506
2.06799999999999	0.878919759521556
3.94399999999979	-0.719031225023214
4.7599999999997	-0.998866809490428
0.16	0.159318206614246
3.40799999999985	-0.263267227795818
4.33799999999974	-0.930731247897951
4.10199999999977	-0.819425121637237
0.18	0.179029573425824
5.44799999999962	-0.741420873042822
2.43999999999995	0.645434998334407
6.05999999999955	-0.221337043878793
2.18599999999998	0.816655918969187
2.27999999999997	0.758880708180941
0.334	0.327824595337101
5.91999999999957	-0.355253559988444
1.188	0.927623791262877
4.28799999999975	-0.91129049895784
4.96399999999968	-0.968512591902146
1.15	0.912763940260521
0.018	0.0179990280157463
3.67999999999982	-0.512769307355566
3.74999999999981	-0.571561318742187
2.9279999999999	0.211972273253037
3.31599999999986	-0.173524505332651
1.806	0.972466897284529
3.7859999999998	-0.600724743614178
1.38	0.98185353037236
2.96799999999989	0.172722114270269
4.34999999999974	-0.935052577558358
1.074	0.879113978474798
4.68799999999971	-0.999702603559833
2.02	0.900793191522628
4.21199999999976	-0.877396008372885
1.45	0.992712991037589
0.886000000000001	0.774547889568561
2.30399999999997	0.743034149564818
3.70199999999981	-0.531531280169028
3.64999999999982	-0.486786648655542
5.01799999999967	-0.953663289501872
4.35599999999974	-0.937162788290441
0.568	0.537947168642442
5.85999999999958	-0.410666848294727
0.3	0.29552020666134
5.08399999999966	-0.931743566430491
3.48399999999984	-0.335755660677116
0.024	0.0239976960663543
0.682	0.630346910833579
1.164	0.918393128214683
1.206	0.934196442796014
1.838	0.964512995583698
4.20399999999976	-0.873529837872506
6.21199999999954	-0.0711252022905225
2.53199999999994	0.572533531903797
2.85199999999991	0.285561864188743
2.48799999999995	0.608042547285563
3.40199999999985	-0.257474186040745
5.23599999999965	-0.866019281711195
0.880000000000001	0.77073887889897
2.55599999999994	0.552693387785131
0.730000000000001	0.666869635003698
0.924000000000001	0.79801852939639
2.66399999999993	0.459642535483136
1.258	0.951476804001467
2.9499999999999	0.190422647361129
5.58399999999961	-0.643594362076706
1.648	0.997021276396645
4.25599999999975	-0.897649757348718
4.53399999999972	-0.98413083609191
0.964000000000001	0.821479088603938
4.40599999999974	-0.9534289312594
5.43599999999962	-0.74941978176518
2.70799999999992	0.420133704161777
0.13	0.129634142619695
1.054	0.869406565101612
0.502	0.481179743707117
4.84399999999969	-0.991351763916834
3.46599999999984	-0.318747101208115
5.70799999999959	-0.543990289704482
5.78199999999959	-0.480465406487121
4.7759999999997	-0.997977501209925
0.914000000000001	0.791952400119794
3.94199999999979	-0.717639832352705
3.28199999999986	-0.139946463987059
4.17799999999976	-0.860579991542553
3.50999999999984	-0.360130099471814
4.91599999999968	-0.979342790786095
0.498	0.477669415799775
6.12799999999955	-0.1545631822701
0.750000000000001	0.681638760023335
2.36399999999996	0.701565967837257
2.06999999999999	0.877964062999081
5.36199999999963	-0.796319143958231
5.78399999999959	-0.478710419367961
0.366	0.357883239607757
5.32799999999964	-0.816420761479508
4.83799999999969	-0.992121303310478
5.56399999999961	-0.658771962484811
0.136	0.135581144878253
5.49199999999962	-0.711187046122024
1.904	0.944999362477772
0.668	0.619417102778334
5.79799999999958	-0.466372288063267
2.40599999999996	0.671026686503287
0.318	0.312667461912689
1.9	0.946300087687414
1.646	0.997173536255596
4.12799999999977	-0.834049334888978
0.184	0.182963505467975
2.012	0.90423831600744
4.04599999999978	-0.78605894328635
0.256	0.253212945646096
2.41799999999996	0.662081388325717
0.32	0.314566560616118
0.306	0.30124687185628
3.04399999999989	0.0974378099721282
0.454	0.438563833196247
2.49199999999995	0.604862073657865
1.746	0.984691057318166
4.11799999999977	-0.828490826069168
3.50399999999984	-0.354526238187686
0.462	0.445739322869917
4.7019999999997	-0.999946035028657
4.97999999999967	-0.964405361701617
1.536	0.999394668901608
6.10199999999955	-0.18019560438179
1.21	0.935616001553386
5.47199999999962	-0.725103932827226
1.218	0.938410187086543
4.18199999999976	-0.862610362692234
1.042	0.863414942274965
1.582	0.999937239509847
4.30599999999975	-0.918554226415702
1.486	0.996406945218829
2.38999999999996	0.68280322193067
2.65999999999993	0.463191264930409
1.466	0.994513888533188
4.44999999999973	-0.965773060620569
2.11799999999999	0.853982791326786
5.21999999999965	-0.873908261929194
5.34199999999963	-0.808256612931572
4.43199999999973	-0.960947868680317
3.50799999999984	-0.358263576273658
1.526	0.998996812328645
4.6999999999997	-0.999923257564097
2.79399999999991	0.340635420511441
3.40599999999985	-0.26133725665145
5.37799999999963	-0.786539603022508
5.09799999999966	-0.926568785680568
4.7459999999997	-0.999435202854198
0.814000000000001	0.727039366457637
5.84999999999958	-0.419764017840243
5.6779999999996	-0.568914482036986
4.01799999999978	-0.768444846458004
5.98599999999956	-0.292830060827299
1.702	0.99140513830671
5.6919999999996	-0.557345551804711
3.05799999999988	0.0834953337586696
3.00199999999989	0.139139742146842
3.57999999999983	-0.424497969483426
1.358	0.977444169653965
1.312	0.966698718964741
5.00399999999967	-0.957781957563139
2.77399999999992	0.359369951406849
5.60199999999961	-0.62971424461684
3.58399999999983	-0.428116279404216
1.382	0.982230848075695
3.59799999999983	-0.440726042617113
6.21999999999954	-0.0631432722470746
1.966	0.922918170102265
2.76399999999992	0.368683779295386
0.918000000000001	0.79438838932813
0.546	0.519272958443753
2.82199999999991	0.314179866888712
1.994	0.911777925559124
3.07999999999988	0.0615537174300306
3.50199999999984	-0.352655438249218
6.21599999999954	-0.0671347743462772
3.56799999999983	-0.413602520084275
3.09799999999988	0.0435788482404795
1.498	0.997351517305727
4.44399999999973	-0.96419935507886
2.9559999999999	0.184529041886985
2.46199999999995	0.628476230403451
4.7479999999997	-0.999365994646117
0.784000000000001	0.706117439541536
5.6419999999996	-0.598145751484879
4.34199999999974	-0.932186613766415
3.17799999999987	-0.0363993039846078
3.62999999999982	-0.46922004128857
4.48599999999973	-0.974483276489164
2.68599999999993	0.439994594219686
3.36599999999985	-0.22252860775681
5.35599999999963	-0.799934048674983
2.65199999999993	0.470266434012863
2.58999999999994	0.52404434168733
2.45599999999995	0.633131862608334
1.72	0.988889766004701
1.978	0.918231877623585
0.034	0.0339934497119515
0.362	0.354145321126352
1.282	0.95858737429512
4.22199999999976	-0.882149727624586
2.35799999999996	0.705828941115476
2.49799999999995	0.600073233323013
0.786000000000001	0.707532215844074
4.29999999999975	-0.916165936749354
4.19599999999976	-0.869607761760669
4.82199999999969	-0.993998724365714
3.00799999999989	0.133195636750088
0.624	0.584286017407506
1.29	0.960835064206073
3.05399999999989	0.0874806878401798
3.19799999999987	-0.0563774384586715
2.9199999999999	0.219783612225214
0.45	0.434965534111231
0.116	0.115740025639073
3.70599999999981	-0.534915173545127
3.8479999999998	-0.64910503870943
3.25999999999986	-0.118130855891681
3.73399999999981	-0.558359770898036
5.40999999999963	-0.766379026676025
4.26199999999975	-0.900277841174644
2.28199999999997	0.757576731967282
2.20599999999998	0.804950865410463
0.314	0.308865520098932
1.496	0.99720405860266
4.90199999999968	-0.98207762322966
2.41999999999996	0.660581201279234
2.47799999999995	0.615951057500086
5.25599999999964	-0.85584653822387
4.24999999999975	-0.894989358228474
0.5	0.479425538604203
3.45999999999984	-0.313054359102819
1.754	0.983265092675549
3.8459999999998	-0.647582343934557
0.952000000000001	0.814577243362257
3.44199999999984	-0.295909335021816
0.912000000000001	0.790729651363648
3.36199999999985	-0.218627133286905
4.88599999999968	-0.984967421715347
5.16399999999965	-0.899745196145666
4.50399999999973	-0.978365478383762
4.96999999999967	-0.967001380243849
2.97799999999989	0.162863936456467
6.14399999999955	-0.138736346562072
3.22799999999987	-0.0862998636957904
5.30399999999964	-0.830043292662048
5.42799999999962	-0.754692505179858
1.996	0.910954735363258
1.908	0.94368351729849
4.61999999999971	-0.995735173062219
2.60799999999993	0.508629838959589
0.29	0.285952225104836
2.20799999999998	0.803762573353222
5.04999999999967	-0.943548668636017
1.366	0.979102425388047
3.38599999999985	-0.241981326856314
5.6539999999996	-0.588486268290834
0.908000000000001	0.788274670002348
2.9259999999999	0.213926399366265
2.20999999999998	0.80257106624676
1.298	0.963021261000881
2.07799999999999	0.874106196796836
2.05	0.887362368633377
1.102	0.892112769285366
3.28399999999986	-0.141926500917359
2.81999999999991	0.316077964217138
2.41399999999996	0.665073811454518
5.34799999999963	-0.804709103114871
5.33199999999963	-0.814104406365071
1.35	0.975723357826659
3.93799999999979	-0.714848440913619
5.74999999999959	-0.508279077499612
2.026	0.898171502850026
2.9539999999999	0.186494325641469
1.28	0.958015860289225
2.62599999999993	0.493050544613471
5.28599999999964	-0.839946868522062
5.72999999999959	-0.525400125182228
2.034	0.894625636980361
2.24999999999997	0.778073196887938
0.698000000000001	0.642686715447967
0.012	0.0119997120020736
4.66799999999971	-0.999014970966382
5.36799999999963	-0.7926755718383
2.52599999999994	0.577442484647504
6.10799999999955	-0.174290611501256
2.68399999999993	0.441789713876506
5.90199999999957	-0.372020961452703
5.41999999999963	-0.759916928531805
2.12599999999999	0.849793098411606
5.74799999999959	-0.510000444627862
1.962	0.924450767342102
0.2	0.198669330795061
4.36999999999974	-0.941955281908114
5.37999999999963	-0.78530295108901
2.9519999999999	0.1884588634189
0.482	0.463552240646339
5.22199999999965	-0.872934332988798
5.6259999999996	-0.610890840741427
1.534	0.999323091548498
3.22199999999987	-0.0803207309243946
3.8579999999998	-0.656679444842922
1.226	0.941144314688037
4.99799999999967	-0.959489680808031
4.49199999999973	-0.975812488460508
0.488	0.468860282378919
0.268	0.264803362718432
2.74399999999992	0.387199903172128
0.756000000000001	0.686016597434954
1.51	0.998152472497548
0.204	0.202587997299864
2.19799999999998	0.809671788277176
2.53399999999994	0.57089262531961
0.022	0.0219982253762798
0.376	0.367202853416626
4.89399999999968	-0.983553996032517
2.72599999999992	0.403732206518503
2.09799999999999	0.864217331766792
0.646	0.601997237548607
2.99999999999989	0.141120008059975
2.45799999999995	0.63158250946673
2.63999999999993	0.480822614988709
2.81399999999991	0.321764639989574
4.20799999999976	-0.875469926872772
4.29399999999975	-0.913744665208229
4.54199999999972	-0.985518883733635
0.44	0.425939465066
4.83399999999969	-0.992614488863548
4.53799999999972	-0.984832738564176
5.31199999999964	-0.825555187311851
5.59199999999961	-0.637450898294621
5.6879999999996	-0.560662206737214
0.830000000000001	0.737931371109963
4.06599999999977	-0.798263943534835
4.59799999999972	-0.993464711347754
1.128	0.90355706150807
5.38199999999963	-0.784063157944755
2.55399999999994	0.554359050640632
0.992000000000001	0.837121685538698
4.00599999999978	-0.760710711097791
5.37199999999963	-0.790230662155339
4.23599999999976	-0.888656629853822
4.7359999999997	-0.999721272825472
1.37	0.979908061398614
5.48999999999962	-0.71259162848023
5.55799999999961	-0.663274133594033
1.304	0.964620469423168
4.14999999999976	-0.845983701075321
5.55399999999961	-0.66626232552679
0.532	0.507257943129122
4.49399999999973	-0.976247754967757
0.008	0.00799991466693973
1.252	0.949613365691341
4.55599999999972	-0.987796146844818
1.044	0.864422203647973
1.284	0.959155053952796
1.602	0.999513204889296
3.28599999999986	-0.143905970141845
5.98799999999956	-0.290917147437641
2.48599999999995	0.609629139023391
5.52599999999961	-0.68687852810254
1.134	0.906111588771645
6.12999999999955	-0.152586908649009
2.68799999999993	0.438197714585077
4.08199999999977	-0.807798281433615
3.33799999999985	-0.19514701653321
2.42999999999995	0.6530407515723
3.8559999999998	-0.655169792864189
2.30999999999997	0.739005278059493
3.03999999999989	0.101417986316715
4.91399999999968	-0.9797452459665
6.20599999999954	-0.0771086905065044
1.122	0.900970006287865
5.55599999999961	-0.664769559099086
4.7559999999997	-0.999049190195499
4.06199999999977	-0.79584833268792
4.64799999999971	-0.997927745704566
1.234	0.943818209374634
6.24599999999953	-0.0371767381267566
3.37199999999985	-0.228374124120538
2.78399999999991	0.350020186822645
2.82799999999991	0.308478064983792
1.61	0.999231634421391
3.41199999999985	-0.267124003163202
0.512	0.489921758380372
1.572	0.999999275585495
4.46199999999973	-0.968816113124756
4.34599999999974	-0.933627064668945
2.9139999999999	0.22563291289786
0.014	0.0139995426711485
2.48999999999995	0.606453523378357
4.82799999999969	-0.993324486401747
3.21799999999987	-0.0763330227090409
6.27799999999953	-0.0051852839435066
2.81599999999991	0.319870358352355
5.14799999999966	-0.906612383006494
4.01399999999978	-0.765879041636631
5.35399999999963	-0.801132623857367
1.32	0.968715100118265
3.67799999999982	-0.511051230094511
0.106	0.105801608822302
0.688000000000001	0.634993418146362
2.9419999999999	0.198270087721245
5.71399999999959	-0.538945979046755
2.10999999999999	0.858117829634814
6.18399999999954	-0.099022760856288
2.8979999999999	0.241190765751267
3.16399999999987	-0.022405471376147
6.04599999999956	-0.234967670415201
5.90799999999957	-0.366444952539789
4.7239999999997	-0.99993259286905
1.324	0.969700049567204
0.168	0.167210842482704
3.89999999999979	-0.687766159183823
2.23799999999998	0.785555078849985
5.79199999999958	-0.471671392795115
0.712000000000001	0.653349190095262
1.166	0.919182629165557
1.668	0.995279441585287
0.414	0.402274612622703
0.860000000000001	0.757842562895277
4.80999999999969	-0.995239825769193
0.336	0.329713415641563
4.17199999999976	-0.857508627664807
1.144	0.910296600619102
1.352	0.976159419462771
2.69399999999992	0.432796587724696
0.382	0.372777055605225
1.674	0.994679226064038
0.704000000000001	0.647271894093893
0.04	0.0399893341866342
5.46799999999962	-0.727852682442049
1.868	0.956159124023529
5.90399999999957	-0.370163769991423
5.73999999999959	-0.51686544439778
3.59199999999983	-0.4353322919085
0.446	0.431360275586948
4.27599999999975	-0.906283836909179
2.59799999999994	0.517214117183339
0.474	0.456448925936344
4.85799999999969	-0.989417433455596
4.12199999999977	-0.830724202717727
1.46	0.993868363411645
1.436	0.990928723091709
0.164	0.163265830673379
5.48399999999962	-0.716788250945184
3.65799999999982	-0.493759164207123
5.29599999999964	-0.834478275524835
0.836000000000001	0.741967318650075
0.598	0.562990673981093
3.15799999999987	-0.0164066102742679
2.12399999999999	0.850845630905592
2.15799999999998	0.832493195563894
1.066	0.875272994885211
2.9439999999999	0.196309397640533
1.464	0.994302690415209
3.21599999999987	-0.0743387066153602
0.392	0.382037471633088
5.83199999999958	-0.436032534723891
2.98799999999989	0.152989472384739
4.94599999999968	-0.972836817448792
3.35199999999985	-0.208858279922132
5.21199999999965	-0.877768982624637
4.26399999999975	-0.901146671554054
1.96	0.925211520788168
3.7879999999998	-0.602322452957146
5.33799999999963	-0.81060546223255
5.76399999999959	-0.49617296697148
3.45799999999984	-0.311154263841536
5.53999999999961	-0.676636736131743
0.57	0.53963204873397
5.75999999999959	-0.499641883117259
4.79199999999969	-0.996832716139354
2.33799999999996	0.719854481865552
2.9119999999999	0.227580885121229
2.42399999999995	0.657572906225812
2.18199999999998	0.818957879035284
5.15199999999965	-0.904917276865849
3.49599999999984	-0.347034604667087
0.232	0.229924399072083
3.26199999999986	-0.120116614379447
4.16199999999976	-0.852321142489201
5.6139999999996	-0.62034720714207
5.99199999999956	-0.287087837310024
1.926	0.937575674527999
1.26	0.952090341590516
4.00399999999978	-0.759411008407157
1.444	0.991972109979244
2.8899999999999	0.248946786673246
5.83999999999958	-0.428819211333776
2.36199999999996	0.702989772782807
3.11199999999988	0.0295883346072141
1.052	0.8684166321805
4.69399999999971	-0.999830927464669
2.9459999999999	0.194347922322492
2.9039999999999	0.235363592918277
2.50599999999995	0.593654538785561
5.30599999999964	-0.828926235395451
2.17799999999998	0.821246735792788
3.62599999999982	-0.465683971819711
4.44799999999973	-0.965252352415363
4.41599999999974	-0.956397387538901
3.14599999999988	-0.00440733214153036
1.842	0.963449140790499
0.898000000000001	0.782082123866459
2.51399999999994	0.58719785056026
1.92	0.939645473685324
1.844	0.962911431633271
4.7039999999997	-0.99996481271041
1.39	0.983700814811277
2.47599999999995	0.61752539339101
5.96799999999956	-0.309992655302991
5.12599999999966	-0.915675460467815
3.08599999999988	0.0555640227655417
4.7439999999997	-0.9995004133228
2.66599999999993	0.457865409354632
6.14999999999954	-0.132791908852968
4.49999999999973	-0.977530117665039
5.6319999999996	-0.606129584228164
2.37399999999996	0.694404963462224
2.17399999999998	0.82352245262004
1.66	0.996023989916537
3.60399999999982	-0.44610392723579
3.8659999999998	-0.662691725360507
4.18399999999976	-0.863620374633547
5.27999999999964	-0.84318774185661
4.27199999999975	-0.904585912680001
4.23199999999976	-0.886815232638647
0.046	0.045983779049605
1.98	0.917437955281809
3.90399999999979	-0.690664378535415
5.89199999999957	-0.381284449142544
5.6499999999996	-0.591715580631332
1.768	0.98061828970512
3.64799999999982	-0.485038634451896
1.292	0.961387383917204
3.49199999999984	-0.343280429098436
3.8419999999998	-0.644529189500412
2.50199999999995	0.596868660997208
5.93399999999957	-0.342132393540853
2.86799999999991	0.270192202840209
0.608	0.571227019423116
1.932	0.935472122747648
2.30199999999997	0.744371169612623
2.39399999999996	0.679875357997528
1.892	0.948856095193729
4.10399999999977	-0.820569854510801
5.87799999999957	-0.394189069878111
0.02	0.0199986666933331
5.25399999999964	-0.856879285513264
3.35599999999985	-0.212768382299472
5.85599999999958	-0.414310695110739
3.26999999999986	-0.128054764266242
2.26199999999997	0.770479273730043
2.16199999999998	0.830270400460756
3.8699999999998	-0.665681985045966
0.34	0.333487092140815
5.93199999999957	-0.344011011538337
3.61199999999982	-0.453249424936559
1.334	0.972094510414373
4.61799999999971	-0.995548666511547
3.02999999999989	0.111361188686761
0.07	0.0699428473375328
0.198	0.196708801607605
3.68599999999982	-0.51791120523128
1.99	0.913413361341225
2.63399999999993	0.486074835984581
3.58199999999983	-0.426307977059491
4.35199999999974	-0.935759725111244
2.65799999999993	0.464962854054264
1.028	0.856267637587682
0.48	0.461779175541483
2.41599999999996	0.663578927047529
1.126	0.902698319410272
3.33199999999985	-0.189258895196496
5.39799999999963	-0.774032326933392
1.814	0.970571469949534
0.676	0.625677711100083
3.11999999999988	0.0215909757262181
0.942000000000001	0.808736060553131
1.928	0.936878237178002
4.47399999999973	-0.971719657782759
6.16399999999954	-0.118903333583218
4.14599999999977	-0.843844103878143
5.39399999999963	-0.776558712243928
0.42	0.40776045305957
4.63799999999971	-0.997234415482541
5.42399999999962	-0.757310775333956
0.054	0.0539737598261096
2.99199999999989	0.149035347737515
3.47999999999984	-0.331985188220582
4.27799999999975	-0.907127363016861
4.94399999999968	-0.973297855383138
4.92999999999968	-0.976416010290719
3.54999999999983	-0.397148167285804
4.89199999999968	-0.983913257348166
1.454	0.993187059136357
1.676	0.994471195709496
0.53	0.505533341204847
4.56799999999972	-0.989594008862157
4.41399999999974	-0.955811338036894
1.016	0.850007746871836
1.262	0.952700070819468
4.22599999999976	-0.884026541663441
4.48199999999973	-0.973577642562088
4.45199999999973	-0.96628990573482
6.03399999999956	-0.246614511244678
4.15399999999976	-0.84810976255133
0.246	0.243526340673703
5.18399999999965	-0.890837522840965
1.748	0.984340470776337
1.902	0.945651616385195
4.88399999999968	-0.985310931959312
3.73799999999981	-0.561673690852382
1.318	0.968216812116307
6.24799999999953	-0.0351780476934617
4.25999999999975	-0.89940540968507
4.01999999999978	-0.769723140763883
1.578	0.99997405365838
1.924	0.938269361576548
2.80199999999991	0.333103036754869
5.84399999999958	-0.425202229110438
2.72199999999992	0.407388475737823
1.4	0.98544972998846
5.6679999999996	-0.577109866362648
3.8319999999998	-0.636851293698064
0.962000000000001	0.82033696912586
3.06199999999988	0.0795086437536004
4.38399999999974	-0.946563155306026
0.23	0.227977523535189
0.796000000000001	0.714563532652591
3.33599999999985	-0.193185079544087
1.672	0.994883277703001
5.54799999999961	-0.670724610688486
1.522	0.998809695458129
3.89399999999979	-0.683398211738412
1.372	0.980305000759207
4.95799999999968	-0.969988937211733
3.96999999999978	-0.736855592364237
6.08999999999955	-0.191985916730395
2.9059999999999	0.233419308702605
6.22599999999954	-0.0571541447645608
0.112	0.111765992151285
5.80999999999958	-0.455723901915177
5.6039999999996	-0.628159332504914
6.16199999999954	-0.120888906122842
4.57799999999972	-0.990983383545441
4.61399999999971	-0.995163707592142
2.28799999999997	0.753646642414995
3.8039999999998	-0.615016858496638
1.986	0.91503418252903
3.94799999999979	-0.721805376438345
1.574	0.999994868243387
4.31399999999975	-0.921687159066117
1.738	0.986054002069221
0.398	0.387575442712301
2.9579999999999	0.182563020016578
4.07599999999977	-0.804247008207367
3.19399999999987	-0.0523833599797991
0.178	0.177061529293012
4.28199999999975	-0.908803526347909
4.58199999999972	-0.991511393562856
3.32799999999986	-0.18532968271062
3.76199999999981	-0.581366642789745
0.776000000000001	0.700430146403581
3.39199999999985	-0.247798621714244
4.03399999999978	-0.77858470715851
1.294	0.961935858080081
0.810000000000001	0.724287174370143
3.02799999999989	0.113348524636655
4.39599999999974	-0.950365132881295
5.51799999999961	-0.692670664002547
3.26799999999986	-0.126070975282476
1.19	0.928368967249167
2.03	0.896405741151561
2.55799999999994	0.551025514156815
5.22399999999965	-0.871956912312235
5.6179999999996	-0.617204943463066
4.26799999999975	-0.902873515095517
3.8199999999998	-0.627553823079138
2.46599999999995	0.625359895733893
3.34999999999985	-0.206901971673255
4.81199999999969	-0.99504292324297
5.92399999999957	-0.351511648030445
3.08799999999988	0.0535670027160671
1.338	0.973025089416272
4.60799999999971	-0.99455641633607
1.63	0.998247974377632
4.87999999999968	-0.985986127361723
0.118	0.117726351916622
5.28999999999964	-0.837769480165295
0.748000000000001	0.680174019984106
2.21199999999998	0.801376348857103
1.594	0.999730806853254
1.67	0.99508334981018
2.96599999999989	0.174691708701062
6.18799999999954	-0.0950416386149611
4.31199999999975	-0.920909448229103
5.71999999999959	-0.533882266391989
4.55999999999972	-0.988411251939088
4.87799999999968	-0.986317809819389
0.158	0.157343434727491
5.28199999999964	-0.842110817746853
0.138	0.137562404885963
1.332	0.971623387413836
4.7799999999997	-0.997715245560914
5.59799999999961	-0.632816506062705
4.57399999999972	-0.99043951781503
2.59399999999994	0.520633394496937
1.44	0.991458348191687
1.092	0.887550111313353
0.824000000000001	0.733868858120187
4.05199999999978	-0.789753681309122
2.78599999999991	0.348146003717371
0.262	0.259012816398972
4.33599999999974	-0.929997979119002
0.850000000000001	0.751280405140293
1.652	0.996704793052407
0.374	0.365341838482971
5.27399999999964	-0.846398260523515
2.48399999999995	0.611213292245476
4.34399999999974	-0.932908705034468
4.93599999999968	-0.975103057011411
0.684	0.631898276261885
5.93799999999957	-0.338371059478475
1.248	0.94835207708262
4.16799999999976	-0.855443894754196
2.73199999999992	0.398235709049086
3.42999999999984	-0.284425712536313
5.56599999999961	-0.657265960593362
2.84599999999991	0.291306851255423
2.9479999999999	0.192385669613022
3.76799999999981	-0.586237999169871
4.83999999999969	-0.991868757310952
0.982000000000001	0.831609753848619
1.83	0.966594391833297
1.184	0.926122310804056
0.182	0.180996901440582
1.452	0.992952010990333
5.36999999999963	-0.791454699905692
0.026	0.0259970707656766
0.288	0.284035166727209
5.14599999999966	-0.907454498095814
1.884	0.951351376233828
5.91199999999957	-0.362720271976733
4.38999999999974	-0.948481216704343
2.61599999999993	0.501725753961577
5.6279999999996	-0.609306190344839
0.894000000000001	0.779583172353705
5.6399999999996	-0.599747328794363
3.56599999999983	-0.411780778987932
4.81399999999969	-0.99484204054638
0.386	0.376485747246156
1.204	0.933481056817241
2.79199999999991	0.342515128914985
0.258	0.255147259063474
4.21399999999976	-0.87835378667122
4.37999999999974	-0.945265512187978
5.13599999999966	-0.91161055942995
4.10799999999977	-0.822849468857157
2.32799999999997	0.726759623821559
0.276	0.27250922621988
5.19399999999965	-0.886249836745451
0.564	0.534570959843639
0.820000000000001	0.731145829726896
4.60399999999971	-0.994131663027451
2.49599999999995	0.601671922249893
1.94	0.9326150140222
2.97199999999989	0.168780860625142
5.76999999999959	-0.490954724962962
3.28999999999986	-0.147863173804179
0.636	0.593982289329376
3.02199999999989	0.119307780334388
2.22799999999998	0.791703615696768
1.922	0.938959295548901
5.46399999999962	-0.73058978642948
1.77	0.980224472788045
2.28599999999997	0.754959693850234
1.348	0.975283393298417
2.81799999999991	0.317974797234129
4.87399999999969	-0.986969337614
5.25799999999964	-0.854810367549465
4.06399999999977	-0.79705773222631
2.9099999999999	0.229527947021361
1.752	0.983627487029061
2.38399999999996	0.687174519169513
6.01599999999956	-0.264017664660018
3.98999999999978	-0.750228328229775
1.52	0.998710143975583
0.402	0.39125968423215
0.652	0.606777361899285
6.23799999999954	-0.0451699328524306
5.05799999999966	-0.940868632142966
6.25399999999953	-0.0291811641025322
1.396	0.984761979642512
5.32999999999964	-0.815264214450175
2.8859999999999	0.25281885342768
1.662	0.995843827154128
0.006	0.0059999640000648
3.06599999999988	0.0755206816119274
1.636	0.997874993535798
4.98799999999967	-0.962259097475396
3.11599999999988	0.0255898598853222
3.29999999999986	-0.157745694143108
6.25799999999953	-0.0251826447590383
1.428	0.989821917104133
3.34199999999985	-0.199068540903414
0.878000000000001	0.769463035982863
4.42799999999973	-0.959833266221949
5.84199999999958	-0.427011574244971
1.632	0.998127639773813
1.796	0.974748646062821
2.8939999999999	0.245070736775537
5.86599999999958	-0.405188776329669
2.16799999999998	0.826911310899341
4.68599999999971	-0.999651831062598
6.14599999999955	-0.136755411705194
5.42199999999962	-0.758615369163113
2.9359999999999	0.204147368127724
3.59399999999983	-0.437131959735852
2.28399999999997	0.756269725447705
2.32599999999997	0.728131953138748
0.102	0.101823223983946
1.478	0.995697509648582
5.17599999999965	-0.894443553671991
2.74599999999992	0.385355138423853
3.69399999999981	-0.524738034227694
0.716000000000001	0.656372182003822
0.128	0.127650760886149
3.53599999999983	-0.384261104033195
6.00999999999956	-0.269799984701939
2.45199999999995	0.636222965124442
1.826	0.967611899987402
4.82999999999969	-0.993091792605972
4.78799999999969	-0.997142848446457
2.46999999999995	0.622233555319344
3.64199999999982	-0.479782978924603
0.236	0.233815383270181
0.616	0.577775007116932
1.974	0.919808700367282
3.99799999999978	-0.755493695333096
1.554	0.999858945019309
1.048	0.866426349315789
2.86399999999991	0.274041256655573
0.900000000000001	0.783326909627484
2.79999999999991	0.334988150155987
0.248	0.245465640895231
1.74	0.985719178835553
4.64199999999971	-0.997523718390687
4.7339999999997	-0.999766491003908
3.34399999999985	-0.201028112598404
5.07999999999966	-0.933188576457419
6.25199999999953	-0.0311802526857621
1.172	0.921529059083969
5.40799999999963	-0.767662270377254
5.82599999999958	-0.441424239177317
3.60599999999982	-0.447892996165372
5.31599999999964	-0.823291303333298
2.76599999999992	0.366823933411834
0.394	0.383884999993637
3.16799999999987	-0.0264042773323027
2.73999999999992	0.390884778898526
1.95	0.928959715003869
5.6859999999996	-0.562317173545765
2.99399999999989	0.147057387247387
6.05599999999956	-0.22523605226794
0.834000000000001	0.740624963508482
2.64199999999993	0.479068018732102
2.81199999999991	0.323657634568662
3.13999999999988	0.00159265291661117
5.57999999999961	-0.646650672256483
4.79799999999969	-0.996337614357527
3.46399999999984	-0.316850785378958
0.984000000000001	0.832718810767361
3.78199999999981	-0.597522122634169
2.74999999999992	0.381660992052407
5.05399999999967	-0.942216188108946
