2.40799999999996	0.669542479044417
2.37999999999996	0.690074983556966
1.402	0.985787693148835
6.19599999999954	-0.0870748958619379
4.79999999999969	-0.996164608835868
0.936000000000001	0.805192494139868
1.412	0.987418335223944
5.6339999999996	-0.604537641214498
0.328	0.322150296883361
4.7779999999997	-0.997848369081492
2.42599999999995	0.656064810252048
2.05799999999999	0.883645431002754
0.722000000000001	0.660886963658444
3.29799999999986	-0.155770420428647
3.46999999999984	-0.322535900322327
3.95799999999979	-0.728690132026931
2.83199999999991	0.304670681483889
2.38799999999996	0.684263060004413
1.286	0.959718896991536
5.94599999999957	-0.330832209832407
3.14999999999987	-0.00840724736702339
5.50999999999962	-0.698418469216489
0.840000000000001	0.74464311997086
4.63599999999971	-0.997083780330678
2.36999999999996	0.697277738259966
3.96399999999979	-0.732786052304955
6.27999999999953	-0.00318530179360783
3.37399999999985	-0.230320812971147
1.942	0.931891403513678
6.03599999999956	-0.244675791991227
5.38599999999963	-0.781574167873202
1.824	0.968114849408629
1.086	0.884769884909301
4.50999999999973	-0.979589164428312
6.24399999999953	-0.0391752798531486
0.228	0.226029736088504
1.278	0.957440514221166
2.53799999999994	0.567603968014775
6.10599999999955	-0.176259650124243
0.56	0.531186197920884
0.132	0.131617005816843
1.344	0.974391762620576
2.022	0.899922893823606
3.24799999999986	-0.106206660113121
3.76599999999981	-0.5846165500102
6.27199999999953	-0.0111850739471728
0.212	0.210415543451846
1.596	0.999682404241087
3.24999999999986	-0.108195134529973
0.54	0.514135991653113
2.53599999999994	0.569249435165683
2.62199999999993	0.496526593602088
4.57199999999972	-0.99016164176687
3.22399999999987	-0.0823141070952402
0.782000000000001	0.704699838770181
0.404	0.393099461117435
2.77199999999992	0.36123562177655
2.8819999999999	0.256686875085853
4.94199999999968	-0.973755000127361
6.06999999999955	-0.211574165937822
0.774000000000001	0.69900130457361
0.778000000000001	0.701856186513901
0.282	0.278277205448216
0.816000000000001	0.728411103015927
4.07999999999977	-0.806617748583106
1.48	0.99588084453764
1.434	0.990657964437774
0.066	0.0659520944350225
3.09199999999988	0.0495723278022342
3.54799999999983	-0.395311865201475
0.05	0.0499791692706784
1.562	0.999961312566914
1.42	0.98865176285172
3.27399999999986	-0.132020797644011
5.41599999999963	-0.762510923075008
0.868000000000001	0.76303775613343
1.084	0.883836059661097
3.7899999999998	-0.603917753011105
0.51	0.488177246882908
2.62799999999993	0.491309558338854
2.38599999999996	0.685720161026828
2.54399999999994	0.562653970444205
2.44399999999995	0.64237458220035
5.45799999999962	-0.734673511111878
5.76599999999959	-0.494435528390874
0.0880000000000001	0.0878864653028854
6.11599999999955	-0.166407564190329
5.95599999999957	-0.321378929705272
4.52999999999972	-0.98341318754726
5.51599999999961	-0.694111785725955
4.40999999999974	-0.954627771660138
3.33399999999985	-0.191222369814904
5.31999999999964	-0.821014246711455
3.00599999999989	0.135177548567514
3.66999999999982	-0.504158547853454
1.11	0.895698685680048
4.18999999999976	-0.866629667484325
4.55799999999972	-0.988105675602646
5.25999999999964	-0.853770777634729
1.816	0.970087902626895
1.072	0.87815899769215
4.30199999999975	-0.916965702227853
6.15399999999954	-0.128826281333034
2.046	0.889199555591295
4.08799999999977	-0.811320474008974
6.27399999999953	-0.00918517802007457
3.92999999999979	-0.709231390201237
3.47799999999984	-0.330097956310042
1.276	0.956861338392327
3.41799999999985	-0.272901133239689
3.95599999999979	-0.727318988455152
0.0960000000000001	0.0958526119328171
0.122	0.121697583812548
1.012	0.847893871688492
0.38	0.370920469412983
0.134	0.133599342546144
2.39999999999996	0.675463180551182
1.374	0.980698018901104
4.7219999999997	-0.999953814506501
2.19199999999998	0.813178490792104
1.392	0.984058473125898
2.69599999999992	0.430992740124055
2.97399999999989	0.166809217175817
1.598	0.999630002900635
5.27199999999964	-0.847461667922725
3.20799999999987	-0.0663585484836311
2.8959999999999	0.243131237525715
1.224	0.940466422853947
5.97999999999956	-0.298561742494011
5.08599999999966	-0.931015469508753
4.22399999999976	-0.883089900823226
1.564	0.999976905059945
4.12599999999977	-0.832944287796764
5.20399999999965	-0.881573526404802
5.96399999999957	-0.31379312102934
2.47999999999995	0.614374257805752
2.004	0.907625569548673
2.78799999999991	0.346270428028546
4.24399999999975	-0.892296739587992
3.7959999999998	-0.608689133675287
6.04199999999956	-0.238853793052865
6.15799999999954	-0.124858592595347
5.52999999999961	-0.683965951877183
1.538	0.999462248677375
3.66199999999982	-0.49723359963742
0.988000000000001	0.834926927559544
1.896	0.947585672115841
2.40199999999996	0.673987043177381
5.43799999999962	-0.74809409350431
4.07199999999977	-0.801863399896654
2.75399999999992	0.37796073911323
5.16199999999965	-0.90061622728794
5.22599999999965	-0.870976003809185
1.064	0.874303986623244
5.69799999999959	-0.552353865683986
0.322	0.316464401053724
2.07599999999999	0.87507591766253
4.43999999999973	-0.963130930573245
3.06399999999988	0.0775148177123477
0.156	0.155368033467206
3.53199999999983	-0.380565141955348
0.27	0.266731436688831
3.74599999999981	-0.568274517581001
5.35999999999963	-0.797527303911927
2.68999999999993	0.436399082160193
1.49	0.996737752043144
0.552	0.52439123146397
1.54	0.999525830605479
0.828000000000001	0.736580144627405
5.75399999999959	-0.504830250789814
4.30399999999975	-0.917761799844765
4.42999999999973	-0.960392488235469
4.62399999999971	-0.996096236615374
3.91999999999979	-0.702146288730656
3.74399999999981	-0.56662770406536
5.56799999999961	-0.655757329638947
5.02799999999967	-0.950606897497352
3.71599999999981	-0.543337344874249
4.48399999999973	-0.974032407589792
0.764000000000001	0.691815270057725
5.87599999999957	-0.396026339008622
5.98999999999956	-0.28900307037978
0.692000000000001	0.638078400149695
5.05599999999967	-0.941544293213915
3.56199999999983	-0.408132362721095
2.67399999999993	0.450738661425085
0.242	0.239644825676627
1.89	0.94948561486463
5.91799999999957	-0.357122388187292
0.544	0.517562704147234
3.63199999999982	-0.470985264237889
0.926000000000001	0.799222198380543
5.88199999999957	-0.390509808705207
4.90799999999968	-0.980929091268753
3.10599999999988	0.0355851390508935
4.32999999999975	-0.92777586464478
0.14	0.139543114644237
1.408	0.986777918404669
1.33	0.971148377921045
4.33199999999974	-0.928520284537029
1.802	0.973391279297132
4.18799999999976	-0.865630031048904
0.12	0.119712207288919
5.69399999999959	-0.555683876947374
5.56199999999961	-0.660275329289289
1.634	0.998003312660765
3.68799999999982	-0.519621037034492
3.02399999999989	0.117321828407073
1.658	0.996200168584313
3.77999999999981	-0.595917223807608
5.89999999999957	-0.373876664830633
2.40399999999996	0.672508209856305
3.63999999999982	-0.478027246135185
0.558	0.529490626456488
2.17599999999998	0.822386238978344
0.956000000000001	0.816890940950442
0.806000000000001	0.721523393703311
0.0900000000000001	0.0898785491980111
2.18799999999998	0.815500036697027
3.8519999999998	-0.652142632920916
4.93399999999968	-0.975544610865192
2.78999999999991	0.34439346725847
1.976	0.919022127039075
0.166	0.165238667055266
4.7499999999997	-0.999292788975389
3.26599999999986	-0.124086682014977
4.47999999999973	-0.973118983225111
5.84799999999958	-0.421578443660506
0.152	0.151415374434945
1.212	0.936320168653753
4.29799999999975	-0.91536250660833
0.582	0.549695764928913
4.38799999999974	-0.947845653433781
1.912	0.942352573203063
1.724	0.988287253681642
4.09599999999977	-0.815971275201435
1.302	0.964091255602049
0.954000000000001	0.815735723627253
3.89199999999979	-0.681936754296531
1.528	0.999084376968148
0.902000000000001	0.784568562081915
6.02199999999956	-0.258225840010684
6.06599999999955	-0.215481910703148
0.928000000000001	0.800422670476967
1.022	0.85315304893857
3.43999999999984	-0.293998312415417
5.71599999999959	-0.537260221618129
2.24599999999997	0.780579660101039
6.24199999999953	-0.0411736648784734
4.09999999999977	-0.818277111064279
4.07799999999977	-0.805433989262678
1.79	0.976070921982524
1.518	0.998606597653793
1.714	0.989763864892526
5.80199999999958	-0.462830212356888
2.40999999999996	0.668055593416524
2.96999999999989	0.170751828951249
1.014	0.848952507184612
4.95599999999968	-0.970473295015122
2.57199999999994	0.539289058632655
4.60199999999972	-0.993913321156422
6.00199999999956	-0.277494600075464
6.02799999999956	-0.252424719258997
3.36399999999985	-0.220578311678334
2.70599999999992	0.42194778711357
1.354	0.976591576462507
5.13999999999966	-0.909959051061853
3.22999999999987	-0.088292228182474
3.38399999999985	-0.240040282374597
3.98399999999978	-0.746247774936124
2.66799999999993	0.456086451765101
0.19	0.188858894976501
0.740000000000001	0.674287911628145
2.09399999999999	0.866222887380064
6.19799999999954	-0.0850823195045291
3.15599999999987	-0.0144068479891893
5.10599999999966	-0.923530164864471
4.96799999999967	-0.967508988169594
0.478	0.460004263320541
4.84799999999969	-0.990818908915643
2.11399999999999	0.856057158928941
5.81199999999958	-0.453942749283115
5.40399999999963	-0.770219540714849
1.874	0.95438483802311
0.634	0.592372146204786
2.33999999999996	0.718464793069151
3.59599999999983	-0.438929879035948
6.22399999999954	-0.0591507598568631
5.80399999999958	-0.461056393979417
2.31399999999997	0.736304574668897
6.17199999999954	-0.110956366744185
0.214	0.2123703453957
1.834	0.965561418189544
5.95199999999957	-0.325164151282077
2.24799999999997	0.779327987149943
3.55799999999983	-0.404477416345161
2.13199999999999	0.846615122810564
4.32199999999975	-0.924761104052953
1.968	0.92214633243888
0.378	0.369062399539358
5.53799999999961	-0.678108015880806
4.44599999999973	-0.964727783202035
1.192	0.929110429760826
3.97599999999978	-0.740898605701775
2.9079999999999	0.23147409081001
2.44599999999995	0.640840516824122
0.304	0.299339178269093
0.346	0.339137583445228
4.11999999999977	-0.829609173611241
4.15799999999976	-0.850222254289231
2.59999999999994	0.51550137182152
1.026	0.855232860917352
6.23399999999954	-0.0491654781084257
3.28799999999986	-0.145884863742642
4.50599999999973	-0.978777289383659
3.05999999999988	0.0815021517603842
3.20999999999987	-0.0683540061209162
5.42599999999962	-0.756003152262707
3.51599999999983	-0.365720996111256
4.62999999999971	-0.996607947362262
4.05399999999978	-0.790978949178516
0.278	0.274432986257787
0.906000000000001	0.787042447217116
2.64399999999993	0.477311506204058
3.07599999999988	0.0655456294428961
5.49999999999962	-0.705540325570664
3.29399999999986	-0.151818011658887
5.98399999999956	-0.294741802897105
4.11199999999977	-0.825115917629566
0.762000000000001	0.690369738323155
1.474	0.995318892253603
0.496	0.47591138231832
2.58399999999994	0.529145024145577
5.97599999999956	-0.302376905109406
0.406	0.394937665605399
0.822000000000001	0.732508808940671
1.576	0.999986460923138
3.64599999999982	-0.483288680094358
2.71399999999992	0.414681401159761
5.23799999999965	-0.865017529132706
5.59599999999961	-0.634363842987602
6.10399999999955	-0.178227983708865
0.738000000000001	0.672809626919937
4.52799999999972	-0.983048462076194
5.80599999999958	-0.459280731376984
2.31999999999997	0.732231444030274
6.09199999999955	-0.190022738705724
4.36199999999974	-0.93923926126336
2.87399999999991	0.264410535626069
3.90799999999979	-0.693551547271684
4.66599999999971	-0.99892422418704
5.33999999999963	-0.809432656446834
4.68999999999971	-0.999749377247987
5.10399999999966	-0.924295368881186
6.05399999999956	-0.227184208944764
6.09999999999955	-0.182162504272538
5.51399999999961	-0.695550131003147
0.0800000000000001	0.0799146939691728
6.13799999999955	-0.144675789777683
6.16599999999954	-0.116917285430418
0.036	0.0359922245038693
5.73799999999959	-0.518576542829488
2.57799999999994	0.534226657440102
3.43399999999984	-0.288258219238916
3.92199999999979	-0.703568948921967
3.73199999999981	-0.556699457447195
4.88799999999968	-0.984619971603009
5.79399999999958	-0.469906901822986
0.6	0.564642473395036
1.622	0.998689378313453
3.25599999999986	-0.114157929291273
1.36	0.977864602435316
4.85399999999969	-0.989989904619853
5.6379999999996	-0.601346507115331
3.23599999999987	-0.0942671707590288
3.75599999999981	-0.576474357273267
1.698	0.991920515940307
1.036	0.860372452389467
5.70599999999959	-0.54566738362852
4.91799999999968	-0.978936418235834
6.23599999999954	-0.0471677998159963
2.61999999999993	0.498261642411897
5.98199999999956	-0.296652366000092
3.94599999999979	-0.720419741569783
1.742	0.985380412726484
0.62	0.581035160537305
0.990000000000001	0.836025978600521
0.342	0.335371933240903
3.66399999999982	-0.498967837424418
5.16599999999965	-0.898870566023808
1.16	0.916803108771767
0.032	0.0319945389462801
3.8599999999998	-0.658186470104752
4.62199999999971	-0.995917696673526
1.776	0.979019503036797
1.78	0.978196606808044
0.504	0.482932024091697
1.81	0.971526955822315
5.23999999999964	-0.864012316485253
5.07399999999966	-0.935328088718116
3.63799999999982	-0.47626960123742
2.044	0.890112815708332
0.11	0.109778300837175
3.12399999999988	0.0175917461119629
4.44199999999973	-0.96366707015955
2.07399999999999	0.87604213822572
3.56399999999983	-0.409957390769021
1.76	0.982154317137618
4.19999999999976	-0.87157577241347
4.00999999999978	-0.763300982766932
5.07599999999966	-0.934618655487031
5.48199999999962	-0.718181398245296
5.01599999999967	-0.954263133651389
2.14599999999999	0.83908152044055
4.59199999999972	-0.992761995045742
0.672	0.622552387351666
4.90399999999968	-0.981698705525745
5.94999999999957	-0.32705481487015
3.8719999999998	-0.667173123785719
1.108	0.894807571842672
4.95199999999968	-0.97143036302434
4.84999999999969	-0.990546535966756
4.63399999999971	-0.996929156845022
4.30999999999975	-0.920128053755525
4.66199999999971	-0.99873074392063
2.23199999999998	0.789253667067435
5.81799999999958	-0.448588425299297
0.192	0.190822524419732
2.35999999999996	0.704410765770203
2.62999999999993	0.489566606826659
2.8799999999999	0.258619349661203
1.07	0.877200504274682
0.588	0.55469802994083
3.17199999999987	-0.0304026608205844
1.104	0.893014610059409
2.62399999999993	0.494789558686567
2.77799999999992	0.355634305697896
4.58599999999972	-0.992023539419126
0.966000000000001	0.822617922166758
2.9219999999999	0.217832076663706
2.86599999999991	0.272117273982257
5.45999999999962	-0.733315200995914
0.980000000000001	0.830497370491971
3.42799999999984	-0.282507748797654
0.844000000000001	0.74730700701761
5.99399999999956	-0.285171455889301
5.91599999999957	-0.358989787897063
0.65	0.60518640573604
1.242	0.946431700017987
5.6119999999996	-0.621914620039358
1.018	0.851059586529205
5.97799999999956	-0.300469924741357
5.59999999999961	-0.631266637872627
4.81599999999969	-0.994637178482956
3.30199999999986	-0.159720336875003
1.818	0.969600454953939
1.958	0.925968573389384
2.27599999999997	0.761479548839036
1.448	0.992470000234204
4.7839999999997	-0.997437026489258
4.09199999999977	-0.813652383815596
4.64599999999971	-0.997797060940618
3.92599999999979	-0.706405820800633
2.97599999999989	0.164836906489845
2.20199999999998	0.807317785377491
5.29199999999964	-0.836675757190962
4.7699999999997	-0.998340944156905
4.7379999999997	-0.999672055763278
2.25599999999997	0.774290172490283
2.21599999999998	0.798977302356498
1.62	0.998789743470524
0.944000000000001	0.809910785757983
0.61	0.572867460100482
0.542	0.515850379600589
4.62599999999971	-0.996270792173604
3.08999999999988	0.0515697683986531
0.484	0.46532345154285
5.04799999999967	-0.944209248938137
1.688	0.993139508267509
2.01	0.905090563325201
5.32399999999964	-0.81872405387918
4.39399999999974	-0.949740958947583
3.55399999999983	-0.400815998339194
0.548	0.52098113564913
4.42399999999973	-0.958703306451797
2.84799999999991	0.289393010584856
4.24799999999975	-0.894095393865309
0.662	0.614695609149811
2.9379999999999	0.202189080802824
6.03999999999956	-0.240795425134589
0.37	0.361615431964962
3.34799999999985	-0.204944835816768
4.67399999999971	-0.999263233581072
2.31199999999997	0.737656401676507
3.67599999999982	-0.509331108629216
2.9339999999999	0.206104838863424
0.408	0.396774290343227
2.71199999999992	0.416500503918475
3.30999999999986	-0.167612440044077
2.8879999999999	0.25088332181694
4.47599999999973	-0.972189988977459
4.56999999999972	-0.989879805073464
4.55199999999972	-0.987165237033272
2.67999999999993	0.445374644541937
4.56599999999972	-0.989304254276134
2.08999999999999	0.868214583445617
4.87199999999969	-0.987289180344835
0.612	0.57450560930877
4.80399999999969	-0.995806644529188
5.16799999999965	-0.897992340420884
0.632	0.590759633592401
0.524	0.500347430269914
2.15199999999998	0.835802402400332
0.780000000000001	0.703279419200411
1.3	0.963558185417193
3.04199999999989	0.0994280970005491
2.28999999999997	0.752330576394191
1.778	0.978610012141793
0.452	0.436765557184562
2.09999999999999	0.863209366648879
3.08199999999988	0.0595573881092515
1.686	0.993371392884191
0.238	0.235759476367453
5.13399999999966	-0.912430845600329
4.22799999999976	-0.884959646398668
4.45399999999973	-0.966802885690737
3.97999999999978	-0.74357913894413
0.832000000000001	0.739279645868021
0.938000000000001	0.806376910025774
6.16799999999954	-0.114930769608633
3.27999999999986	-0.137965867271089
5.46599999999962	-0.729222692880664
1.65	0.996865028453919
2.15399999999998	0.834702670793663
1.726	0.987980067192101
1.948	0.929698218254186
5.72399999999959	-0.530495769060976
1.418	0.988349334809331
3.57799999999983	-0.422686263916049
4.81799999999969	-0.994428337872143
4.28999999999975	-0.912112203912978
0.162	0.161292341228388
4.28599999999975	-0.910465148841922
2.22399999999998	0.79414089708514
3.8539999999998	-0.653657520207157
3.44799999999984	-0.301635270466691
0.316	0.310767112539828
0.506	0.484682372748824
2.67599999999993	0.448952449222557
5.43399999999962	-0.750742472347923
2.024	0.89904899643421
2.32999999999996	0.725384387466844
3.10999999999988	0.0315873984365746
2.08399999999999	0.871176071243465
0.920000000000001	0.795601620036366
0.872000000000001	0.765617060602853
3.18199999999987	-0.0403963514340387
4.97799999999967	-0.964932289034893
5.78599999999958	-0.476953517407763
2.70199999999992	0.425570882395818
4.78599999999969	-0.997291932051057
1.766	0.981008184150343
0.734000000000001	0.66984498971459
5.78799999999958	-0.47519470763413
5.21599999999965	-0.875845629032605
1.642	0.997466089301966
0.26	0.257080551892155
5.6199999999996	-0.615630105250399
1.682	0.99382324075317
5.11399999999966	-0.920432438433054
0.976000000000001	0.82826264227637
1.626	0.998476664148205
3.8019999999998	-0.613438601596395
3.30799999999986	-0.165640400202417
5.92999999999957	-0.345888253492233
5.6719999999996	-0.573838592127691
2.61799999999993	0.4999946981758
5.92799999999957	-0.347764111893577
2.50399999999995	0.595262790416568
5.75599999999959	-0.503102805003568
1.232	0.943155391963321
6.20399999999954	-0.0791025803453011
0.15	0.149438132473599
4.15199999999976	-0.847048425909613
3.38999999999985	-0.24586050428449
2.65599999999993	0.466732583327324
4.60599999999971	-0.994346028373155
3.03799999999989	0.10340746996107
6.04799999999956	-0.233023195403748
0.286	0.282116972209294
5.56999999999961	-0.654246075656088
5.53599999999961	-0.67957658319871
4.97199999999967	-0.966489904313872
1.124	0.9018359665204
2.63799999999993	0.482575287955498
4.90999999999968	-0.980538397794131
6.15199999999954	-0.130809356711628
0.186	0.18492937764159
5.37599999999963	-0.787773108798642
0.436	0.42231706055262
2.79599999999991	0.338754349566669
0.638	0.5955900565256
4.08599999999977	-0.810149648849282
6.13199999999955	-0.150610024680487
3.09399999999988	0.0475746889165702
5.11199999999966	-0.921212400414888
4.7299999999997	-0.99984493000201
3.59999999999983	-0.442520443294696
1.208	0.934908091990261
1.456	0.993418134535469
3.29199999999986	-0.149840892413218
6.21799999999954	-0.0651391535749396
5.12799999999966	-0.914869792726906
2.71999999999992	0.409214169672089
4.22999999999976	-0.885889211296489
0.904000000000001	0.785807076263144
2.27199999999997	0.764066205840594
3.57399999999983	-0.419057787801402
5.35799999999963	-0.79873227375747
0.950000000000001	0.813415504789374
4.13999999999977	-0.840609403550068
4.39999999999974	-0.951602073889435
5.15999999999965	-0.901483655966505
6.02599999999956	-0.25435944619195
4.59999999999972	-0.993691003633433
2.09199999999999	0.867220469853202
6.22199999999954	-0.0611471383462048
6.21399999999954	-0.0691301265786069
5.85199999999958	-0.417947912964468
2.49399999999995	0.603268204489886
5.71799999999959	-0.535572315149332
4.18599999999976	-0.864626932094513
3.49799999999984	-0.348909613997272
4.06799999999977	-0.799466961788649
6.12399999999955	-0.158513866852094
1.346	0.974839527637902
0.892000000000001	0.778329016597779
0.028	0.0279963414767504
5.26999999999964	-0.848521685476394
3.25399999999986	-0.112170777070331
1.624	0.9985850184002
0.59	0.556361022912784
6.19999999999954	-0.0830894028179558
2.84999999999991	0.287478012342633
4.95399999999968	-0.970953770926626
5.45399999999962	-0.737381309843127
5.06399999999966	-0.938819078976307
4.54599999999972	-0.986189260621979
3.74199999999981	-0.564978624039658
2.98599999999989	0.154965620725343
5.39199999999963	-0.77781724807176
5.28399999999964	-0.841030525194947
3.21399999999987	-0.0723440931669522
4.40399999999974	-0.952823789284694
3.25199999999986	-0.110183176166431
2.84199999999991	0.295131029264808
0.720000000000001	0.659384671971474
5.09199999999966	-0.928808846103735
1.25	0.948984619355587
0.062	0.0619602863004083
5.20999999999965	-0.878725394728358
4.57599999999972	-0.990713432106439
4.7739999999997	-0.998102641429684
3.69199999999981	-0.523034458359539
1.722	0.988590487023487
2.9159999999999	0.223684038143141
5.87199999999958	-0.399696117612423
4.99999999999967	-0.958924274663232
4.37399999999974	-0.943290696137737
2.52199999999994	0.580703581872953
1.094	0.888469757977957
0.842000000000001	0.745976555446849
5.27599999999964	-0.845331467532391
5.52199999999961	-0.6897801142861
4.7719999999997	-0.998223789240207
4.08399999999977	-0.808975583092076
1.378	0.981472285256212
5.50199999999962	-0.704121575886794
3.63599999999982	-0.474510051261886
4.87599999999969	-0.986645547007131
3.32199999999986	-0.179430323757774
5.76199999999959	-0.497908420860879
1.154	0.914390583565076
2.43399999999995	0.650006244254458
2.56799999999994	0.542653218233265
1.376	0.981087114252233
1.954	0.927471563959245
3.72999999999981	-0.555036917199266
3.01399999999989	0.127246736324797
4.67999999999971	-0.999475522827274
1.848	0.96182446055173
1.02	0.852108021949363
0.658	0.611535642330467
5.48599999999962	-0.715392236493024
5.06799999999966	-0.937433929268635
1.09	0.886626914449488
2.39199999999996	0.68134065264495
0.47	0.452886285379069
0.24	0.237702626427135
1.1	0.891207360061436
2.38199999999996	0.688626128615037
5.04599999999967	-0.944866052404519
5.32199999999964	-0.819870790036351
4.08999999999977	-0.812488053887851
5.58599999999961	-0.642062342363043
5.26199999999964	-0.852727772638021
1.774	0.979425077855094
0.224	0.222131456633971
4.65599999999971	-0.99841056267596
5.49799999999962	-0.706956253094172
4.14799999999977	-0.844915592307353
0.41	0.398609327984423
4.67199999999971	-0.999184476002408
4.80799999999969	-0.995432747337439
4.7659999999997	-0.998563273450318
2.09599999999999	0.865221840016531
4.19199999999976	-0.867625837402231
0.016	0.0159993173420714
0.970000000000001	0.824885713338451
0.874000000000001	0.766902121712978
3.71799999999981	-0.545015286001898
4.03599999999978	-0.779838228200252
1.14	0.908633496115884
5.79999999999958	-0.464602179414126
2.52799999999994	0.575808468117614
5.18599999999965	-0.889927097710173
2.19599999999998	0.810843934048677
2.54799999999994	0.559342707988135
0.124	0.123682473546003
0.554	0.526093136433054
4.96599999999968	-0.968012726060677
2.21399999999998	0.800178425963119
5.6699999999996	-0.575475380195546
2.72799999999992	0.401901645858521
3.61799999999982	-0.4585895367774
1.64	0.997606381319174
3.95199999999979	-0.724567978982852
6.05799999999955	-0.223286994647207
2.8919999999999	0.247009255742738
3.93199999999979	-0.710639922337354
1.856	0.959604368513839
3.40999999999985	-0.265196145871625
6.19199999999954	-0.0910589957094439
5.95799999999957	-0.31948438685742
3.88599999999979	-0.677536038932084
2.44999999999995	0.637764702134541
0.308	0.303153360456381
0.176	0.175092776914318
1.056	0.870393020397622
4.10999999999977	-0.823984341211495
0.326	0.320256276771095
2.35599999999996	0.707244293145924
3.58999999999983	-0.433530882752561
4.23999999999976	-0.890483808581877
2.29999999999997	0.745705212176741
0.724000000000001	0.66238661179844
5.18799999999965	-0.889013112872177
3.08399999999988	0.0575608205589993
0.196	0.194747485585204
4.38199999999974	-0.945916225578823
5.82199999999958	-0.445009892312699
4.16999999999976	-0.856477974164879
0.0720000000000001	0.0719378081223236
0.218	0.216277393024304
0.348	0.341018377486867
1.228	0.941818441946124
0.594	0.559680325883576
5.24799999999964	-0.859956945830063
3.8399999999998	-0.642998742053755
5.41199999999963	-0.76509271745971
5.99799999999956	-0.281335278661611
0.486	0.467092801146175
6.13399999999955	-0.148632538272067
3.8279999999998	-0.633762260478834
6.05199999999956	-0.229131456885055
2.19999999999998	0.808496403819602
0.852000000000001	0.752598867991776
1.788	0.976503874392757
4.91199999999968	-0.980143782167227
1.356	0.977019827097239
6.02399999999956	-0.256293155687457
5.85399999999958	-0.416130136297599
4.37599999999974	-0.943952744841902
5.94799999999957	-0.3289441702394
2.64799999999993	0.47379276044549
2.75999999999992	0.372399039425132
3.65999999999982	-0.495497372916687
5.54599999999961	-0.672206681202873
0.888000000000001	0.775811370169916
4.59399999999972	-0.993000206124898
3.48799999999984	-0.339520761050243
2.44199999999995	0.643906078079105
5.72199999999959	-0.532190082106292
2.15599999999998	0.833599600377423
4.42199999999974	-0.958132573215004
6.07399999999955	-0.207663035990354
4.43399999999973	-0.961499405334972
0.426	0.413231614164166
2.61199999999993	0.505181837909898
0.674	0.624116297458053
4.61199999999971	-0.994965256763245
2.31599999999997	0.734949802443971
5.10999999999966	-0.921988677548348
3.54199999999983	-0.389793500879302
0.466	0.449316398650889
3.58599999999983	-0.429922869284395
5.75799999999959	-0.501373346806773
5.19999999999965	-0.883454655720318
1.952	0.92821749591593
3.18399999999987	-0.0423946367776189
4.39799999999974	-0.950985505355742
0.28	0.276355648564114
3.95399999999979	-0.725944935608389
1.468	0.994721108596939
3.8119999999998	-0.621305222448971
2.11599999999999	0.855021685170664
3.96199999999979	-0.731423669418905
2.56599999999994	0.544332045477341
3.8159999999998	-0.62443451823354
6.12599999999955	-0.156538837638668
3.20199999999987	-0.0603706148997312
2.64599999999993	0.475553084430626
3.19199999999987	-0.0503860024460132
1.886	0.950733257879965
4.82599999999969	-0.9935532069009
5.53199999999961	-0.682505557054845
1.384	0.982604236856947
6.11999999999955	-0.1624620152156
3.88399999999979	-0.676063705689731
3.52599999999983	-0.375009800405992
0.710000000000001	0.651833771021537
3.76999999999981	-0.587857103378326
6.12199999999955	-0.160488262010264
3.91799999999979	-0.700720819955126
0.46	0.44394810696552
4.7279999999997	-0.99987815050792
5.55199999999961	-0.667752426906079
1.84	0.963982996152448
0.562	0.532879644641196
2.038	0.892831218818054
1.296	0.962480484500808
5.83599999999958	-0.432429332458881
0.49	0.470625888171158
4.51199999999973	-0.979989225225569
1.71	0.990326804156158
0.572	0.541314770298022
4.7679999999997	-0.998454105711157
4.31599999999975	-0.922461183155723
5.6479999999996	-0.593326689736232
4.11599999999977	-0.827369164564895
3.77799999999981	-0.594309941312945
5.49599999999962	-0.70836935279361
3.01799999999989	0.123278244554234
0.766000000000001	0.693258034532138
5.51999999999961	-0.691226771597406
4.7059999999997	-0.999979590534245
2.59199999999994	0.522339912771611
3.46799999999984	-0.320642142049291
2.42799999999995	0.654554090019917
4.88999999999968	-0.984268583012097
4.40199999999974	-0.952214836016102
5.36599999999963	-0.793893273069678
2.8759999999999	0.262481187654985
2.76999999999992	0.363099847204246
5.17999999999965	-0.892647679428392
4.67599999999971	-0.999337994108135
0.732000000000001	0.668358649075997
3.57599999999983	-0.42087286760418
0.996000000000001	0.839303049588742
5.92599999999957	-0.349638579238936
4.23399999999976	-0.887737706721056
3.72799999999981	-0.553372156804409
3.40399999999985	-0.259406240158405
0.664	0.616271907544571
3.8059999999998	-0.616592655330267
4.39199999999974	-0.949112986051302
0.746000000000001	0.678706559249705
5.86399999999958	-0.407016430817903
5.48799999999962	-0.713993360472872
0.518	0.495143506881529
3.42599999999984	-0.280588655028376
0.056	0.0559707352557555
0.656	0.609951986545746
0.302	0.297430287325593
0.368	0.35975005528623
0.958000000000001	0.818042890710956
4.11399999999977	-0.826244193585067
2.07999999999999	0.87313297950752
0.042	0.0419876530890479
0.818000000000001	0.729779925930777
0.744000000000001	0.677236383689972
2.55199999999994	0.556022496060671
0.858000000000001	0.756536173144245
1.326	0.970186707074388
2.33399999999996	0.722625215660215
3.50599999999984	-0.356395620021675
2.8779999999999	0.2605507897595
1.062	0.873331481146495
2.69199999999993	0.434598704139563
0.884000000000001	0.773281310776681
5.38399999999963	-0.782820228548913
1	0.841470984807897
2.08199999999999	0.872156269687451
3.8079999999998	-0.618165985794097
2.13799999999999	0.843406669156535
1.462	0.994087515087794
0.772000000000001	0.697569666739352
5.31799999999964	-0.822154419330667
1.906	0.944343328574158
1.314	0.96720861952316
0.298	0.293608943916654
1.47	0.994924349777581
0.854000000000001	0.753914320448791
5.34399999999963	-0.807077336390935
3.16199999999987	-0.0204059299663835
5.05199999999967	-0.942884314140481
5.6239999999996	-0.612473047575467
2.73799999999992	0.392724875137152
5.91399999999957	-0.36085575164816
4.6959999999997	-0.999865703666995
3.09599999999988	0.0455768597322139
3.15199999999987	-0.0104071585361908
2.83399999999991	0.302765157901849
2.29399999999997	0.749689421664975
3.54599999999983	-0.393473981870211
3.24599999999986	-0.10421776086977
0.700000000000001	0.644217687237691
1.832	0.966079837170451
6.08199999999955	-0.19983087091414
5.83399999999958	-0.434231802054701
0.68	0.628793024018469
5.6079999999996	-0.625041976601282
1.606	0.999380414688
4.02999999999978	-0.776068327088192
1.542	0.999585414431594
0.866000000000001	0.761743523091347
5.06599999999966	-0.938128380378606
4.20999999999976	-0.876434720491685
1.438	0.991195518032073
5.76799999999959	-0.492696112068813
1.006	0.844697632759971
1.268	0.954506384032809
0.272	0.26865844373384
6.26599999999953	-0.0171844612893849
1.236	0.944477251514368
5.24399999999964	-0.86199152708068
4.32799999999975	-0.927027733650311
5.26399999999964	-0.85168135673136
1.24	0.945783999449539
4.00799999999978	-0.762007370946595
3.77599999999981	-0.59270028157931
3.19999999999987	-0.0583741434274493
4.02799999999978	-0.774805478125135
1.666	0.995471552243954
3.94999999999979	-0.723188124086365
4.35999999999974	-0.938550856885019
0.438	0.424129111067249
1.202	0.932761936915486
3.55199999999983	-0.398982880777995
3.7839999999998	-0.599124631373037
5.17399999999965	-0.895336125926556
4.98399999999967	-0.963339936297721
5.26799999999964	-0.849578308944452
1.804	0.97293103415225
5.97399999999956	-0.304282675970237
2.06199999999999	0.881765739800972
2.98399999999989	0.15694114920367
4.58999999999972	-0.992519812919929
0.35	0.342897807455452
2.33599999999996	0.721241291244985
4.38599999999974	-0.947206298781869
0.208	0.206503422401032
2.99799999999989	0.143099709493264
6.26199999999953	-0.0211837224937656
0.986000000000001	0.833824536811971
2.9019999999999	0.23730693567989
1.638	0.997742682912186
1.182	0.925366012337446
4.20599999999976	-0.874501631375319
2.008	0.905939190281915
0.578	0.546349916559819
4.94799999999968	-0.972371888168472
5.57599999999961	-0.649696636039299
0.422	0.409585814202109
6.00599999999956	-0.273649481581635
5.09999999999966	-0.925814682327861
4.81999999999969	-0.994215519549305
3.88999999999979	-0.680472569108542
1.548	0.999740174994615
0.108	0.107790170410008
3.7939999999998	-0.607101099736866
0.798000000000001	0.715961243698067
0.566	0.536260136762957
0.808000000000001	0.722906729849705
3.27799999999986	-0.135984718691834
0.294	0.289782902770876
1.222	0.939784769155419
1.6	0.999573603041505
3.14399999999988	-0.00240734408486028
2	0.909297426825681
5.6439999999996	-0.596541781593187
5.81999999999958	-0.446800052405805
0.736000000000001	0.671328650974118
0.052	0.0519765685014963
6.23199999999954	-0.0511629597390082
6.06799999999955	-0.213528465377273
0.514	0.491664310191456
1.168	0.91996845338714
5.02199999999967	-0.952452159661812
1.734	0.98671181456896
4.06999999999977	-0.800666782175682
1.864	0.957322862123907
1.914	0.941681445707079
0.536	0.510701052994094
2.34399999999996	0.715676799471955
1.04	0.862404227243339
4.51399999999972	-0.980385366067231
3.15399999999987	-0.0124070280767379
4.7119999999997	-0.999999924347131
0.226	0.224081044523177
0.202	0.20062906530546
4.61599999999971	-0.995358177767537
2.13599999999999	0.844479533050865
1.308	0.96566731952221
1.138	0.907796490398373
2.45999999999995	0.630030629995931
0.960000000000001	0.819191568300999
5.11599999999966	-0.919648794722693
3.87399999999979	-0.668661593833867
2.9599999999999	0.180596267894336
0.934000000000001	0.80400485748506
4.45599999999973	-0.9673119984364
4.65799999999971	-0.998521283983624
0.52	0.496880137843737
2.056	0.884579976608987
6.04999999999956	-0.231077788299824
3.7919999999998	-0.605510637394857
5.87999999999957	-0.392350223991845
5.30199999999964	-0.83115702975658
5.40199999999963	-0.771493557122136
3.47199999999984	-0.324428368452191
3.8619999999998	-0.659690862621579
5.37399999999963	-0.789003463483392
5.23199999999965	-0.868012390647104
5.77599999999959	-0.485718808637368
0.154	0.153392010734995
5.43999999999962	-0.746765412868063
6.00799999999956	-0.271725276592159
3.12999999999988	0.0115923939362813
1.618	0.998886113469953
5.19799999999965	-0.884389921529506
2.58199999999994	0.530841027532327
5.18199999999965	-0.891744384622853
6.17599999999954	-0.106980188580237
5.06199999999966	-0.939506022298943
3.11399999999988	0.0275891524245546
1.414	0.987732619762013
2.77999999999992	0.353764345301222
4.93999999999968	-0.974208249852882
1.12	0.900100442176505
3.72599999999981	-0.551705182921663
2.26399999999997	0.769202803523875
1.342	0.973940100037498
3.92399999999979	-0.70498879483842
3.8259999999998	-0.63221393820535
3.73599999999981	-0.560017850910538
4.58799999999972	-0.992273660716187
1.446	0.992223039552142
4.51999999999972	-0.981550253091463
4.51799999999972	-0.981165881561209
0.804000000000001	0.720137171464304
3.47399999999984	-0.326319538869015
0.714000000000001	0.654861995773097
1.972	0.920591594461913
1.058	0.871375994122712
5.70199999999959	-0.549015016770531
0.06	0.0599640064794446
1.008	0.84576643022129
1.288	0.960278901155966
2.016	0.902522973939198
4.29599999999975	-0.9145554150185
2.054	0.885510983896492
0.602	0.566292014239837
1.858	0.959039743875225
0.890000000000001	0.777071747526824
6.09799999999955	-0.184128675513511
4.62799999999971	-0.996441362649994
2.75199999999992	0.379811625205815
4.10599999999977	-0.821711305106042
1.862	0.957898988398749
5.20599999999965	-0.880627670422991
3.7979999999998	-0.610274732857984
3.65199999999982	-0.488532715713243
5.6579999999996	-0.585247540182597
5.82999999999958	-0.437831523263525
4.79399999999969	-0.996671668677378
2.49999999999995	0.598472144104
2.30799999999997	0.740351198422352
1.786	0.976932920788794
5.15799999999965	-0.902347478711648
4.43799999999973	-0.962590938464501
3.8339999999998	-0.638391992287682
1.918	0.940327893241106
4.83599999999969	-0.992369880826113
0.39	0.380188415123162
3.8239999999998	-0.630663087076956
1.322	0.969209513261115
0.848000000000001	0.749958937168191
0.144	0.143502851723363
1.046	0.865426007333318
3.48199999999984	-0.333871092190811
3.68399999999982	-0.516199301783937
3.16599999999987	-0.0244049231640549
0.702000000000001	0.645746082157526
6.13999999999955	-0.142696543518708
2.85999999999991	0.277885925816676
5.95999999999957	-0.317588566072447
2.34199999999996	0.717072230414536
3.36999999999985	-0.226426521773737
6.22799999999954	-0.0551573010557558
2.028	0.897290416581028
4.7319999999997	-0.999807710117712
5.70999999999959	-0.542311019820012
1.514	0.998387522165198
5.58199999999961	-0.645123807413779
5.72599999999959	-0.528799334033292
6.03799999999956	-0.242736094034935
4.96199999999968	-0.969008583694538
0.284	0.280197649223866
2.37799999999996	0.69152107819988
3.8139999999998	-0.622871116083072
4.99399999999967	-0.960608976979027
5.34599999999963	-0.805894831542029
1.654	0.996540570833053
6.20799999999954	-0.0751144922330484
0.0760000000000001	0.075926858459806
1.87	0.955571516852944
0.216	0.214324297858455
1.422	0.988950236288376
5.6899999999996	-0.559004997280585
1.158	0.916002596639801
2.30599999999997	0.741694157381405
2.08599999999999	0.870192388096356
0.708000000000001	0.650315744613598
3.39399999999985	-0.249735747949842
3.43799999999984	-0.292086113816161
5.10799999999966	-0.922761266728328
1.836	0.965039136964251
0.266	0.262874229534934
2.67799999999993	0.447164441210832
1.482	0.996060195904648
1.18	0.924606012408021
5.74599999999959	-0.511719771755014
5.73599999999959	-0.520285566955716
1.148	0.911945140396131
1.964	0.9236863160942
2.52399999999994	0.579074191408225
3.91399999999979	-0.697861479470116
4.55399999999972	-0.987482666903721
1.772	0.979826734974387
6.17399999999954	-0.10896849559913
1.552	0.999823354250375
5.22999999999965	-0.869003739032091
1.174	0.922303834316794
3.34599999999985	-0.202986880181211
6.09399999999955	-0.188058800590352
5.24999999999964	-0.858934493426774
1.97	0.921370806191395
5.32599999999964	-0.817574042826885
5.03599999999967	-0.948093325777269
0.994000000000001	0.838214043991249
1.432	0.990383243153302
0.31	0.305058636443444
2.48199999999995	0.612795000615207
1.06	0.872355482344987
0.352	0.344775865833263
1.246	0.947715741402609
4.31999999999975	-0.923998158723091
1.316	0.967714651248391
1.73	0.987353839700716
6.08799999999955	-0.193948326811655
4.13399999999977	-0.837344441374251
4.98999999999967	-0.961712903426883
4.80599999999969	-0.995621687176024
1.85	0.9612752029753
3.87999999999979	-0.67311093234341
4.98199999999967	-0.96387457674818
4.01599999999978	-0.767163478373763
0.802000000000001	0.718748068677572
4.35799999999974	-0.937858698304501
2.56199999999994	0.547683161276526
1.136	0.906955853496111
4.27999999999975	-0.907967260616301
1.866	0.956742906558893
4.46599999999973	-0.969799483277011
1.852	0.960722100299339
4.41199999999974	-0.95522146529081
4.49799999999973	-0.977106571287655
4.31799999999975	-0.923231517401826
2.9179999999999	0.221734268652567
0.968000000000001	0.823753465258986
3.99199999999978	-0.751549184567597
2.006	0.906784193483077
2.27799999999997	0.76018164887278
0.22	0.218229623080869
5.6219999999996	-0.614052804518133
0.584	0.551365394283625
1.43	0.990104560337178
0.364	0.356014992396802
2.13999999999999	0.842330431636653
3.99599999999978	-0.754181873384633
1.988	0.914225600385719
0.618	0.579406242639218
1.59	0.999815615134291
3.91599999999979	-0.699292548297252
5.77199999999959	-0.489211374038865
0.1	0.0998334166468282
2.54999999999994	0.557683717391466
2.22599999999998	0.79292384223811
4.86599999999969	-0.988225008566415
4.49599999999973	-0.976679116485288
3.97799999999978	-0.742240356803171
5.13199999999966	-0.913247482048543
2.39799999999996	0.676936616073162
4.37799999999974	-0.944611017736346
1.364	0.978693731960616
2.37599999999996	0.692964406759403
2.50999999999995	0.590430918113957
0.068	0.0679476067814459
2.17999999999998	0.820103947621385
5.00799999999967	-0.956624315972158
2.72999999999992	0.400069477592492
6.25599999999953	-0.0271819587946847
3.39799999999985	-0.253606995848555
0.464	0.447528755817616
3.91199999999979	-0.696427619197993
1.216	0.937717264214522
5.00599999999967	-0.957205051177113
3.18999999999987	-0.0483884433682846
3.35399999999985	-0.210813752738167
2.43199999999995	0.651524800962547
1.798	0.974300087070032
5.89399999999957	-0.379434772266155
3.75199999999981	-0.57320129324053
1.41	0.98710010101385
1.808	0.971998870550515
2.15999999999998	0.831383460778692
4.63199999999971	-0.996770545644069
2.80999999999991	0.325549334517643
5.6659999999996	-0.578742044091054
2.35399999999996	0.708656816200144
0.148	0.147460292759923
2.83799999999991	0.298950485184021
5.15399999999965	-0.904064292594947
0.492	0.472389611460472
0.432	0.41868789897528
5.14199999999966	-0.909127835470168
0.666	0.617845740852522
0.63	0.58914475794227
2.65399999999993	0.468500445670672
2.57399999999994	0.537603739732754
0.508	0.486430782677107
4.16399999999976	-0.853365474759519
4.02399999999978	-0.772270487600172
4.64399999999971	-0.997662384989757
0.252	0.249341287998308
1.558	0.999918128127471
4.86999999999969	-0.987605073920265
3.44599999999984	-0.299727821684424
5.05999999999966	-0.940189207598743
6.07799999999955	-0.203748583438741
2.63199999999993	0.487821697048689
2.9319999999999	0.208061485180043
4.03799999999978	-0.781088629890122
6.01399999999956	-0.265946171028244
0.758000000000001	0.687470396213087
5.57399999999961	-0.65121572279556
2.10399999999999	0.861183081949775
6.02999999999956	-0.250488982627503
5.29999999999964	-0.832267442224102
0.0980000000000001	0.0978432099761774
3.41599999999985	-0.270976504552235
3.98199999999978	-0.744914946769524
6.26999999999953	-0.0131849251339902
4.03199999999978	-0.777328071778976
5.59399999999961	-0.635908642457972
0.706000000000001	0.648795116943547
2.51199999999994	0.58881556196784
3.77199999999981	-0.589473856159152
3.70399999999981	-0.533224293305308
3.16999999999987	-0.0284035258834764
2.56999999999994	0.54097222037704
5.93599999999957	-0.340252407014251
3.12799999999988	0.0135922350301452
2.98999999999989	0.151012712086451
5.86999999999958	-0.401528612406603
0.768000000000001	0.694698025975336
4.53199999999972	-0.983773979366888
5.54999999999961	-0.669239857276551
5.53399999999961	-0.681042432211188
0.03	0.0299955002024957
5.94199999999957	-0.334604311486363
3.68999999999982	-0.521328790354249
4.67799999999971	-0.999408757284553
5.88999999999957	-0.383132600881645
4.64999999999971	-0.998054438758861
5.12399999999966	-0.916477465508102
3.13199999999988	0.00959250647285705
1.716	0.989476456112601
1.256	0.95085946050647
0.172	0.171153178922117
2.79799999999991	0.336871923604951
1.068	0.876238502056367
0.770000000000001	0.696135238627357
2.83999999999991	0.297041351306919
4.97599999999967	-0.965455356640299
4.92799999999968	-0.976845852376869
2.80799999999991	0.32743973226972
1.55	0.999783764189357
5.14399999999966	-0.908292983368352
3.10399999999988	0.0375837998448948
2.60999999999993	0.50690685224811
4.15599999999976	-0.849167706755128
1.508	0.998028958511842
3.8299999999998	-0.635308047704121
5.00999999999967	-0.956039754271215
5.27799999999964	-0.844261293216524
4.7259999999997	-0.999907371502562
0.576	0.544673710928826
1.898	0.946944773790544
3.8499999999998	-0.650625137065014
1.656	0.996372362452744
4.47199999999973	-0.971245439710723
1.894	0.948222780099713
1.712	0.990047314618311
3.52399999999983	-0.373155009929935
5.92199999999957	-0.353383310775831
0.67	0.62098598703656
2.8839999999999	0.254753373763344
0.55	0.522687228930659
1.31	0.966184951612734
3.13599999999988	0.00559262443566994
1.68	0.994043202198076
5.54199999999961	-0.675162749836637
1.546	0.999692586840507
5.6559999999996	-0.58686807797248
5.99999999999956	-0.279415498199347
0.596	0.561336622605206
1.088	0.885700171079146
0.428	0.415052038400488
1.244	0.947075614860896
1.388	0.983339221694707
0.354	0.346652545108071
0.946000000000001	0.811082271320771
3.75799999999981	-0.578107433715409
4.21599999999976	-0.879308051555581
3.01199999999989	0.129230222697904
3.56999999999983	-0.41542260677109
3.39999999999985	-0.255541102026684
4.33399999999974	-0.929260990349376
2.71799999999992	0.411038226750222
4.07399999999977	-0.803056810165095
5.6819999999996	-0.565620352748164
1.152	0.913579089070368
5.07799999999966	-0.93390548378257
2.12999999999999	0.847677840133577
4.04999999999978	-0.788525254426057
5.11999999999966	-0.918070474669403
3.52799999999983	-0.376863090843348
2.21799999999998	0.797772982841733
5.57199999999961	-0.652732204689798
1.984	0.915839104536831
1.532	0.999247516904355
3.67199999999982	-0.505884760615994
2.78199999999992	0.351892969847639
3.72199999999981	-0.548364621372902
1.524	0.998905251703224
2.56399999999994	0.54600869539396
3.45599999999984	-0.309252923963612
0.146	0.145481863205272
3.07799999999988	0.0635498005360221
1.406	0.98645178868513
3.01599999999989	0.125262740964914
3.60199999999982	-0.444313073891095
1.458	0.993645236263367
1.024	0.854194663316718
3.13799999999988	0.00359264586142988
4.26999999999975	-0.903731521350199
4.56399999999972	-0.989010542474413
1.58	0.99995764649874
3.53399999999983	-0.382413887821792
5.50399999999962	-0.70270000971756
2.86199999999991	0.275964143164227
4.19399999999976	-0.868618536817944
1.616	0.99897848792626
6.09599999999955	-0.186094110240028
1.846	0.9623698708316
5.30999999999964	-0.82668217823224
6.08399999999955	-0.197870811748495
3.27599999999986	-0.134003026173885
0.332	0.325934463734695
4.34799999999974	-0.934341689796408
1.53	0.999167945271476
2.24399999999997	0.781828210734536
0.424	0.411409537001937
4.26599999999975	-0.902011897347979
3.92799999999979	-0.707820021140506
0.36	0.35227423327509
0.296	0.291696506736584
3.24199999999986	-0.100238719727617
6.19399999999954	-0.0890671239198794
1.728	0.987668928783608
3.93599999999979	-0.713448453310604
2.34999999999996	0.711473352790871
4.80199999999969	-0.995987618657101
5.07199999999966	-0.936033780638094
5.47999999999962	-0.719571672820773
3.69599999999981	-0.526439511144411
0.856000000000001	0.755226757249529
3.71399999999981	-0.541657230397944
0.574	0.542995326603715
5.14999999999965	-0.905766641468851
2.16599999999998	0.828034321048923
0.188	0.186894510097941
3.20599999999987	-0.0643628254122405
4.84199999999969	-0.99161224383772
4.93799999999968	-0.974657602746702
5.54399999999961	-0.673686062891432
0.396	0.385730992814697
1.704	0.991141500541721
5.49399999999962	-0.709779619016582
4.68199999999971	-0.999538290469237
5.01399999999967	-0.954859160749644
1.488	0.996574341779006
1.274	0.95627833511941
5.77799999999959	-0.483969608130225
3.8219999999998	-0.629109713297054
4.35399999999974	-0.936463129626478
5.69999999999959	-0.550685542597976
2.61399999999993	0.503454802845008
0.324	0.318360975634149
0.21	0.2084598998461
0.788000000000001	0.708944162018693
3.23199999999987	-0.0902842395003626
3.31199999999986	-0.169583809436201
2.06399999999999	0.880820601724185
2.25199999999997	0.776815294334182
1.096	0.889385850764714
2.052	0.886438449141242
5.21799999999965	-0.874878695237707
2.80599999999991	0.329328820263305
6.22999999999954	-0.05316023671782
2.52999999999994	0.574172148354619
2.08799999999999	0.869205224180856
5.93999999999957	-0.336488358458912
5.70399999999959	-0.54734229488375
3.12199999999988	0.0195914001018776
3.04599999999989	0.0954471331925974
2.014	0.90338245173762
2.50799999999995	0.592043912537189
0.114	0.113753236401576
4.7079999999997	-0.999990368441051
1.732	0.987034801203783
1.56	0.999941720229966
3.8099999999998	-0.619736843594808
3.30599999999986	-0.163667697799377
1.142	0.909466867300621
1.194	0.929848175832005
2.10199999999999	0.862197948694649
1.264	0.953305989249408
1.916	0.941006551486568
4.7179999999997	-0.99998425827074
2.04	0.891928650953381
4.59599999999972	-0.993234445204554
2.54199999999994	0.56430622905856
2.39599999999996	0.678407343849581
1.386	0.982973695222563
0.754000000000001	0.684560054591346
5.83799999999958	-0.430625133146308
4.65999999999971	-0.998628011207484
3.60799999999982	-0.449680273523566
3.04799999999989	0.0934560746246611
4.85599999999969	-0.989705648448362
3.30399999999986	-0.161694340725764
5.44599999999962	-0.742761469913991
5.6519999999996	-0.590102104664899
2.83599999999991	0.300858423259581
5.81599999999958	-0.450375003839687
5.34999999999963	-0.803520155852374
4.32399999999975	-0.925520350339631
5.47799999999962	-0.720959069110517
3.90599999999979	-0.692109347121782
4.56199999999972	-0.988712874631841
6.17999999999954	-0.103002298735554
5.6739999999996	-0.572199508706232
3.72399999999981	-0.55003600221892
2.9639999999999	0.176660604365253
0.718000000000001	0.657879742746695
0.726000000000001	0.663883610392873
6.20999999999954	-0.0731199935017237
4.6979999999997	-0.999896480407841
1.614	0.999066866469947
2.11999999999999	0.852940481552882
3.32999999999985	-0.187294663542761
3.05599999999989	0.0854881817757313
3.89799999999979	-0.686312920011472
5.58799999999961	-0.640527754400867
3.52999999999983	-0.378714873828843
4.82399999999969	-0.993777953188551
5.33599999999963	-0.811775025597498
1.876	0.953785771110575
2.60599999999993	0.510350791152391
0.930000000000001	0.801619940883778
1.424	0.989244753925406
5.17199999999965	-0.896225116837812
5.6159999999996	-0.618777312856781
2.41199999999996	0.666566035567148
1.93	0.936177052316306
5.13799999999966	-0.910786626818548
6.13599999999955	-0.146654457333692
1.2	0.932039085967227
1.568	0.999996090280776
5.09399999999966	-0.928065870562674
3.67399999999982	-0.507608949840166
5.22799999999965	-0.869991611403281
5.6059999999996	-0.626601907756496
0.516	0.493404895345954
5.6799999999996	-0.567268551929301
1.82	0.969109128880456
5.19599999999965	-0.885321649780188
1.082	0.882898699069832
2.84399999999991	0.293219526698974
4.05599999999978	-0.792201053133166
5.77399999999959	-0.487466066269924
2.45399999999995	0.634678683223331
4.88199999999968	-0.985650500960862
5.45199999999962	-0.738730787627221
4.7419999999997	-0.999561625791082
3.66599999999982	-0.500700079340731
2.002	0.908463315113202
2.21999999999998	0.796565472236101
0.882000000000001	0.772011638860588
3.29599999999986	-0.153794523632712
1.472	0.995123611262151
1.736	0.986384881088195
2.46799999999995	0.623797973122149
1.114	0.897470161424031
0.538	0.512419547162357
4.7139999999997	-0.999998702308181
3.48999999999984	-0.341401277876668
2.75599999999992	0.376108341178191
2.036	0.893730215359042
0.644	0.600399038281088
1.794	0.975193306062325
5.40599999999963	-0.768942443430426
5.6599999999996	-0.583624661403333
5.96199999999957	-0.315691474933633
1.118	0.899227277664577
5.50599999999962	-0.701275632749223
0.356	0.348527837773161
2.9619999999999	0.178628793387262
2.018	0.901659886050084
1.784	0.977358059454451
3.14799999999987	-0.00640730256887774
3.90999999999979	-0.694990973216322
0.826000000000001	0.73522597182525
0.586	0.553032818177495
3.98599999999978	-0.74757761811262
3.06999999999988	0.0715315111409597
2.57599999999994	0.535916270418611
