5.16999999999991	-0.897110522849681
6.23499999999989	-0.048166663045187
6.04499999999989	-0.235939555955184
2.74499999999996	0.38627771393679
2.77999999999996	0.353764345301178
5.6999999999999	-0.550685542597721
0.015	0.0149994375063281
3.36499999999995	-0.221553570494445
2.22999999999997	0.79048022234202
0.07	0.0699428473375328
4.93499999999992	-0.975324321600369
5.36999999999991	-0.791454699905522
4.05999999999994	-0.794635749757358
1.47499999999999	0.995415039819685
4.81999999999992	-0.99421551954928
2.97499999999996	0.165823144744332
1.125	0.902267594099094
5.8049999999999	-0.460168792762297
6.17999999999989	-0.103002298735207
6.23999999999989	-0.0431718852088396
4.56999999999992	-0.989879805073493
4.48999999999993	-0.97537331870465
4.66999999999992	-0.999101721687181
0.985000000000001	0.833272090425677
5.5849999999999	-0.642828673633958
5.6099999999999	-0.623479545278762
2.43499999999997	0.649245990511314
5.49499999999991	-0.709074840442284
1.79999999999998	0.973847630878199
3.40499999999995	-0.260371878590956
3.12499999999996	0.0165918922293923
0.155	0.154380099291143
2.53999999999997	0.565956230448729
5.9299999999999	-0.345888253491926
0.615	0.576958522285397
3.92999999999994	-0.709231390201343
4.30499999999993	-0.918158472209504
5.03499999999991	-0.948410843887562
3.77499999999994	-0.591894562259691
2.27999999999997	0.758880708180939
3.03499999999996	0.106390917385365
1.26999999999999	0.955100855584691
2.73499999999996	0.395482071761067
2.10499999999998	0.860674356548896
1.135	0.906534174400926
0.035	0.0349928546043362
3.83999999999994	-0.642998742053863
1.50999999999999	0.998152472497547
3.44499999999995	-0.298773647224759
3.60999999999995	-0.451465752161374
3.78999999999994	-0.603917753011214
5.06499999999991	-0.93847419891443
2.69499999999996	0.431894879871761
5.47499999999991	-0.723034754622629
2.88499999999996	0.253786240488567
6.08499999999989	-0.196890484869081
0.905000000000001	0.786425154952674
3.43999999999995	-0.293998312415519
4.88499999999992	-0.985139669407083
2.19499999999998	0.811428790961463
0.840000000000001	0.74464311997086
4.22499999999993	-0.883558663022711
4.61999999999992	-0.995735173062238
2.54999999999997	0.557683717391444
1.64499999999999	0.997248170462708
0.58	0.548023936791874
2.99999999999996	0.141120008059909
2.72499999999996	0.404646881707735
5.97999999999989	-0.298561742493694
1.175	0.922689838671032
0.6	0.564642473395036
2.74999999999996	0.381660992052365
5.9549999999999	-0.322325719534087
5.5249999999999	-0.687604956781137
5.9199999999999	-0.35525355998814
1.105	0.893464191149863
4.94999999999992	-0.97190306940184
3.20499999999995	-0.0633648668334531
4.43499999999993	-0.961773731551008
0.56	0.531186197920884
4.11999999999993	-0.829609173611334
3.14999999999996	-0.00840724736710377
0.980000000000001	0.830497370491971
1.025	0.854714189474093
2.63499999999997	0.485200675903467
5.5099999999999	-0.698418469216282
1.155	0.914794959429313
5.23999999999991	-0.86401231648512
1	0.841470984807897
0.04	0.0399893341866342
2.42499999999997	0.656819186648483
2.18499999999998	0.81723263541026
3.46499999999995	-0.317799102193177
3.75499999999994	-0.575656953932429
2.84999999999996	0.287478012342581
3.42999999999995	-0.284425712536414
1.82499999999998	0.967863858629909
4.86499999999992	-0.988377522050592
5.48999999999991	-0.712591628480028
4.70999999999992	-0.999997146387718
0.31	0.305058636443444
1.38499999999999	0.982789457434441
5.45999999999991	-0.733315200995721
5.5349999999999	-0.680309847859631
1.2	0.932039085967225
1.92499999999998	0.937922987013735
0.61	0.572867460100482
4.09999999999993	-0.818277111064373
6.09999999999989	-0.182162504272202
5.35999999999991	-0.79752730391176
5.6299999999999	-0.607719102724063
5.5749999999999	-0.65045650464543
4.63999999999992	-0.997381061698088
5.30499999999991	-0.829485178771153
4.56499999999992	-0.989157892954209
5.42499999999991	-0.756657342126787
0.435	0.421410401366648
6.12499999999989	-0.15752643100825
0.770000000000001	0.696135238627357
0.44	0.425939465066
2.63999999999997	0.480822614988678
3.96499999999994	-0.73346614490951
0.815000000000001	0.727725598599551
5.8899999999999	-0.383132600881347
2.37999999999997	0.690074983556957
3.22499999999995	-0.083310672207923
5.7499999999999	-0.508279077499345
1.80999999999998	0.971526955822319
5.98499999999989	-0.293786078754912
0.555	0.526943300203302
0.49	0.470625888171158
2.82999999999996	0.306574986383559
5.17999999999991	-0.892647679428274
0.860000000000001	0.757842562895277
0.18	0.179029573425824
0.545	0.518418090504517
0.870000000000001	0.764328937025506
3.06999999999996	0.0715315111408867
1.48499999999999	0.996321752286349
2.15499999999998	0.834151552661289
3.92499999999994	-0.705697660668433
3.64999999999994	-0.486786648655651
4.57499999999992	-0.990576970249207
1.215	0.937369396029265
2.62999999999997	0.489566606826629
5.31999999999991	-0.821014246711299
5.04499999999991	-0.945193037002634
5.4999999999999	-0.705540325570459
2.12999999999998	0.847677840133582
4.46999999999993	-0.970767336658271
4.88999999999992	-0.984268583012056
3.38999999999995	-0.245860504284588
2.23499999999997	0.787407916291676
3.58999999999995	-0.433530882752669
0.625	0.585097272940463
2.72999999999996	0.400069477592452
2.86499999999996	0.273079401858552
5.00499999999992	-0.957493983117007
5.9099999999999	-0.364583341424398
3.47499999999995	-0.327264635070973
2.21999999999997	0.796565472236102
2.21499999999997	0.799578263948909
5.42999999999991	-0.753378839327808
6.10499999999989	-0.177243905538163
4.18999999999993	-0.866629667484411
5.38999999999991	-0.779072672631461
3.34999999999995	-0.206901971673352
5.5699999999999	-0.654246075655865
0.725000000000001	0.66313544266335
1.065	0.874788928148654
3.86499999999994	-0.661942501839502
1.68499999999999	0.993485845193292
5.08499999999991	-0.931379983659484
5.7899999999999	-0.473433997082024
4.90499999999992	-0.981507774030832
2.02999999999998	0.896405741151569
1.165	0.918788338084249
2.19999999999998	0.808496403819605
1.85499999999998	0.959885241567635
0.955000000000001	0.816313740445684
4.87999999999992	-0.985986127361684
3.80499999999994	-0.615805064816068
5.8449999999999	-0.424296918287149
0.700000000000001	0.644217687237691
0.485	0.466208359448673
3.66999999999994	-0.504158547853563
0.195	0.193766534962422
5.28999999999991	-0.837769480165147
4.01999999999994	-0.769723140763984
4.07499999999994	-0.80365231101245
0.66	0.613116851973434
3.49999999999995	-0.350783227689571
4.40499999999993	-0.953126836835484
3.76999999999994	-0.587857103378436
5.26999999999991	-0.848521685476252
4.71499999999992	-0.999996591290221
1.78999999999998	0.976070921982528
0.16	0.159318206614246
3.45999999999995	-0.313054359102921
1.235	0.944148202518561
0.26	0.257080551892155
6.09499999999989	-0.187076548953121
1.77499999999998	0.979222780057298
3.55999999999995	-0.406305702144368
4.15499999999993	-0.848639158972862
0.895000000000001	0.780209081170351
1.15	0.91276394026052
2.90999999999996	0.229527947021303
3.83499999999994	-0.639161384379706
4.59999999999992	-0.993691003633456
1.40499999999999	0.98628724406602
5.09499999999991	-0.927692990507384
3.23999999999995	-0.0982485937450618
4.34499999999993	-0.93326835148591
1.225	0.940805839173871
0.685	0.632673011516387
4.27499999999993	-0.905860714218664
1.42999999999999	0.990104560337177
1.87499999999998	0.954085781609699
4.02999999999994	-0.776068327088292
1.70499999999999	0.991008194880944
5.8099999999999	-0.455723901914896
2.32999999999997	0.725384387466839
4.81499999999992	-0.994740106884657
5.27499999999991	-0.845865286960418
1.91499999999998	0.941344469269026
6.26499999999989	-0.0181843048663991
5.17499999999991	-0.894890287244264
1.91999999999998	0.939645473685331
3.56499999999995	-0.410869290313212
6.06999999999989	-0.21157416593749
6.15499999999989	-0.127834549908187
2.68999999999996	0.436399082160158
1.035	0.859862356473035
2.60999999999997	0.506906852248082
2.55999999999997	0.549355436427154
1.1	0.891207360061435
3.39499999999995	-0.250703936948369
1.82999999999998	0.966594391833302
1.51999999999999	0.998710143975582
2.48999999999997	0.606453523378339
3.85999999999994	-0.65818647010486
4.23999999999993	-0.890483808581957
4.16999999999993	-0.856477974164967
0	0
1.65999999999999	0.996023989916538
5.14999999999991	-0.905766641468742
1.33499999999999	0.972328613890533
1.86499999999998	0.957033362858047
2.02499999999998	0.898610698947438
2.03499999999998	0.894178373258859
1.29499999999999	0.962208652394729
5.8699999999999	-0.401528612406309
0.14	0.139543114644237
1.63999999999999	0.997606381319175
0.755000000000001	0.685288668657455
0.920000000000001	0.795601620036366
2.39499999999997	0.679141690494362
3.49499999999995	-0.346096578981396
5.19999999999991	-0.883454655720195
0.105	0.104807168828883
2.04499999999998	0.8896566304781
1.85999999999998	0.958471283078919
4.67999999999992	-0.999475522827281
2.14499999999998	0.839625106509551
3.31499999999995	-0.172539589182863
5.8349999999999	-0.433330783921878
3.02499999999996	0.116328675964102
1.46499999999999	0.994408786678549
2.65499999999997	0.467616748307321
2.95999999999996	0.180596267894273
2.20999999999998	0.802571066246762
4.18499999999993	-0.864124085426123
2.49999999999997	0.598472144103981
5.20499999999991	-0.881101038964255
0.12	0.119712207288919
5.34499999999991	-0.80648648720953
3.65499999999994	-0.49114815012531
1.92999999999998	0.936177052316313
0.51	0.488177246882908
4.76499999999992	-0.998616359502143
3.28499999999995	-0.142916306987841
0.745000000000001	0.677971810455715
3.67499999999994	-0.508470283469921
2.13499999999998	0.845014698546846
2.08499999999998	0.870684665012214
5.44499999999991	-0.743430654542238
5.12499999999991	-0.916076921026279
0.05	0.0499791692706783
5.5449999999999	-0.672946708520262
3.98499999999994	-0.746913069980979
6.13999999999989	-0.142696543518366
0.265	0.261909268149525
1.14	0.908633496115882
2.26999999999997	0.76535495252927
5.7349999999999	-0.521139299017406
5.7449999999999	-0.512578668168433
3.66499999999994	-0.499834208299767
1.74999999999998	0.98398594687394
4.57999999999992	-0.991249371052257
5.7149999999999	-0.538103369383845
4.22999999999993	-0.885889211296571
1.69999999999999	0.99166481045247
3.18499999999995	-0.0433937163571035
4.01499999999994	-0.766521643266087
0.115	0.114746688393664
3.85499999999994	-0.654413983742746
2.16499999999998	0.828594584352885
3.37499999999995	-0.231293812401973
5.35499999999991	-0.800533736532845
3.59499999999995	-0.438031138401559
5.02999999999991	-0.949984201960787
2.51499999999997	0.586388113655173
3.16999999999995	-0.0284035258835585
0.68	0.628793024018469
3.23499999999995	-0.0932715768560932
3.08999999999996	0.0515697683985781
0.47	0.452886285379069
0.750000000000001	0.681638760023335
5.7749999999999	-0.486592680749692
3.09999999999996	0.0415806624333344
3.08499999999996	0.0565624499434187
2.81499999999996	0.320817659579733
5.48499999999991	-0.716090601764175
5.15999999999991	-0.901483655966393
4.16499999999993	-0.85388636110753
2.35499999999997	0.707950908648452
3.10999999999996	0.0315873984364978
1.095	0.888928248835422
3.00499999999996	0.136168302205299
4.11499999999993	-0.826807092478586
6.18499999999989	-0.098027626341779
5.8149999999999	-0.451267617993682
3.17499999999995	-0.0334011327076631
0.63	0.58914475794227
4.50999999999993	-0.979589164428352
1.70999999999999	0.99032680415616
5.15499999999991	-0.903636444149587
2.87499999999996	0.263445993363459
5.9049999999999	-0.369234618550482
0.875000000000001	0.767543502236028
5.8399999999999	-0.428819211333488
5.41999999999991	-0.759916928531622
0.52	0.496880137843737
3.88499999999994	-0.676800210711092
3.14499999999996	-0.00340733981694502
2.46499999999997	0.626139919390309
3.76499999999994	-0.583804948100214
4.09499999999993	-0.815392774864611
2.95499999999996	0.185511776520046
0.03	0.0299955002024957
5.01999999999992	-0.953059630700393
1.44499999999999	0.992098070814686
4.53499999999993	-0.984307788347293
5.07999999999991	-0.933188576457329
1.055	0.869900227699694
3.81499999999994	-0.623653128984954
4.19999999999993	-0.871575772413555
1.62999999999999	0.998247974377633
3.93499999999994	-0.712747388986436
3.86999999999994	-0.665681985046074
0.27	0.266731436688831
0.42	0.40776045305957
1.99499999999998	0.911366786144555
1.41499999999999	0.987888280510564
2.01999999999998	0.900793191522636
4.97999999999992	-0.964405361701553
0.735000000000001	0.670587155637904
3.05499999999996	0.0864844780501193
3.99999999999994	-0.756802495307887
3.13499999999996	0.00659260583376842
4.99999999999992	-0.958924274663162
4.74999999999992	-0.999292788975381
3.44999999999995	-0.30354151270838
1.83999999999998	0.963982996152453
0.13	0.129634142619695
4.87499999999992	-0.986807935714454
3.72999999999994	-0.555036917199376
1.28499999999999	0.959437455190852
2.91999999999996	0.219783612225156
4.98999999999992	-0.961712903426817
4.33499999999993	-0.929629949549193
0.445	0.430457880300909
4.65999999999992	-0.998628011207495
4.78499999999992	-0.997364977952589
1.33999999999999	0.973484541695318
5.8599999999999	-0.410666848294435
2.59999999999997	0.515501371821493
4.84499999999992	-0.991220036863471
5.9149999999999	-0.359922949733768
0.915000000000001	0.792562586874855
0.565	0.535415816011184
0.505	0.48380744032396
0.06	0.0599640064794446
5.33999999999991	-0.809432656446673
3.26999999999995	-0.128054764266333
2.84499999999996	0.292263335108803
6.14999999999989	-0.132791908852625
2.39999999999997	0.675463180551172
1.48999999999999	0.996737752043143
0.205	0.203567159904778
1.60999999999999	0.999231634421391
2.33499999999997	0.721933614419372
3.16499999999995	-0.0234052089727862
0.890000000000001	0.777071747526824
1.29999999999999	0.963558185417191
5.13999999999991	-0.909959051061747
0.690000000000001	0.636537182221968
2.40499999999997	0.671767784063649
3.67999999999994	-0.512769307355675
0.780000000000001	0.703279419200411
0.46	0.44394810696552
0.085	0.084897682802416
5.21999999999991	-0.873908261929066
5.8949999999999	-0.378509364213035
3.12999999999996	0.0115923939362027
2.56999999999997	0.540972220377016
0.385	0.375559136747501
2.28999999999997	0.752330576394188
0.065	0.0649542388347826
2.06499999999998	0.880346711218501
4.04499999999994	-0.785440398810915
2.81999999999996	0.31607796421709
4.41999999999993	-0.95755800744925
4.25499999999993	-0.897208599040974
5.6349999999999	-0.603740762502902
4.75999999999992	-0.998866809490418
2.79499999999996	0.339695054886523
3.53499999999995	-0.383337687596427
4.38499999999993	-0.946885200486569
0.64	0.597195441362392
2.79999999999996	0.33498815015594
2.99499999999996	0.146068185921667
5.6599999999999	-0.583624661403087
3.35499999999995	-0.211791173414494
1.56499999999999	0.999983201344876
4.35999999999993	-0.938550856885083
4.07999999999994	-0.806617748583202
5.04999999999991	-0.943548668635935
3.61499999999995	-0.455921532502445
0.23	0.227977523535189
5.26499999999991	-0.851156870994143
2.00999999999998	0.90509056332521
5.7049999999999	-0.546505112508411
1.78499999999998	0.977145978694575
4.92999999999992	-0.976416010290668
2.64499999999997	0.476432533533558
2.08999999999998	0.868214583445624
0.15	0.149438132473599
2.51999999999997	0.582330649524108
3.21999999999995	-0.0783270334708188
5.03999999999991	-0.946813775592636
1.63499999999999	0.997939652068067
5.13499999999991	-0.912021158525576
1.50499999999999	0.997836202477346
4.64499999999992	-0.997730221830271
2.22499999999997	0.793532766427977
5.9599999999999	-0.317588566072134
2.61999999999997	0.498261642411868
3.80999999999994	-0.619736843594917
4.20999999999993	-0.876434720491769
4.65499999999992	-0.998353704378491
4.55499999999993	-0.987639900694211
3.00999999999996	0.131213192150226
4.42499999999993	-0.958987235157853
4.97499999999992	-0.965715442390551
6.15999999999989	-0.122873995106658
5.7299999999999	-0.525400125181965
6.24999999999989	-0.0331792165476678
5.7699999999999	-0.490954724962689
4.46499999999993	-0.969555094825916
1.95999999999998	0.925211520788176
2.49499999999997	0.602470364605029
1.03	0.857298989188603
4.79499999999992	-0.996589649898483
5.25499999999991	-0.856363340050064
0.975000000000001	0.827701888167258
4.26999999999993	-0.903731521350276
3.30499999999995	-0.162681100603207
2.11999999999998	0.852940481552888
0.36	0.35227423327509
2.61499999999997	0.502590529698508
4.49999999999993	-0.977530117665081
4.08999999999994	-0.812488053887946
1.36499999999999	0.978898568123573
1.75499999999998	0.983082420510436
2.78999999999996	0.344393467258425
2.52499999999997	0.578258627157134
2.12499999999998	0.850319789818464
5.8549999999999	-0.415220623314172
4.77499999999992	-0.998040570340034
0.765000000000001	0.692536998563402
5.06999999999991	-0.936735728424109
0.795000000000001	0.713863604935037
4.84999999999992	-0.990546535966724
3.78499999999994	-0.599924987456186
2.69999999999996	0.427379880233862
6.05999999999989	-0.221337043878463
0.645	0.601198438514041
0.325	0.319308785857001
0.710000000000001	0.651833771021537
5.9449999999999	-0.331775733852254
0.635	0.593177514355813
4.47999999999993	-0.973118983225157
3.25999999999995	-0.118130855891771
4.13499999999993	-0.837890698279517
3.70999999999994	-0.53829050828997
0.19	0.188858894976501
4.67499999999992	-0.999301113495127
0.54	0.514135991653113
3.55499999999995	-0.401731956354132
5.11999999999991	-0.918070474669301
2.89499999999996	0.244101109201114
5.7649999999999	-0.495304495333132
5.21499999999991	-0.876327782403108
1.76999999999998	0.980224472788049
0.365	0.356949294476912
4.70499999999992	-0.999972701608638
4.36999999999993	-0.941955281908177
4.58999999999992	-0.992519812919954
0.665	0.617059132728087
1.37499999999999	0.980893057023154
3.70499999999994	-0.534070000460305
2.94999999999996	0.190422647361067
2.23999999999997	0.784315925084436
4.83499999999992	-0.992492681091101
2.86999999999996	0.268266050929656
4.90999999999992	-0.980538397794085
5.6699999999999	-0.575475380195298
5.39499999999991	-0.775928279177037
0.720000000000001	0.659384671971474
4.42999999999993	-0.960392488235523
3.69499999999994	-0.525589035480658
3.87999999999994	-0.673110932343517
0.02	0.0199986666933331
2.93499999999996	0.205126206058608
3.62999999999994	-0.469220041288679
0.135	0.134590311007348
2.83499999999996	0.301811941486623
4.92499999999992	-0.977483288631564
0.845000000000001	0.747971112175
3.41499999999995	-0.270013783262659
2.48499999999997	0.610421520845152
3.57999999999995	-0.424497969483534
0.775000000000001	0.699716075346604
6.20499999999989	-0.0781056744783865
2.64999999999997	0.472030541289913
0.880000000000001	0.77073887889897
3.11499999999996	0.0265895194496198
5.25999999999991	-0.85377077763459
3.28999999999995	-0.147863173804271
4.32499999999993	-0.925898585392211
5.5499999999999	-0.669239857276333
2.98999999999996	0.151012712086385
3.26499999999995	-0.123094348755205
5.6499999999999	-0.591715580631089
4.62499999999992	-0.996184012486473
1.81499999999998	0.970330171453264
6.19499999999989	-0.0880710539260829
1.55999999999999	0.999941720229966
2.00499999999998	0.907205335118514
0.315	0.309816471227603
1.44999999999999	0.992712991037587
2.83999999999996	0.297041351306869
4.52999999999993	-0.983413187547297
4.66499999999992	-0.998877352388231
5.41499999999991	-0.763157517052822
4.62999999999992	-0.996607947362279
4.69999999999992	-0.9999232575641
5.08999999999991	-0.929548106410557
1.205	0.933839216726195
6.26999999999989	-0.0131849251336332
2.41999999999997	0.660581201279223
1.18	0.924606012408019
5.01499999999992	-0.954561624481216
5.6949999999999	-0.554852205577146
0.55	0.522687228930659
6.02999999999989	-0.250488982627178
1.45999999999999	0.993868363411644
3.57499999999995	-0.41996553768565
0.910000000000001	0.789503739689951
5.34999999999991	-0.80352015585221
6.13499999999989	-0.147643571624317
4.96999999999992	-0.967001380243787
1.54499999999999	0.99966729321255
3.97499999999994	-0.740226618467741
4.76999999999992	-0.998340944156892
3.94499999999994	-0.719725843159495
0.25	0.247403959254523
1.89499999999998	0.947904700060094
5.5649999999999	-0.658019290548483
2.29499999999997	0.749027257106671
1.60499999999999	0.999415111394314
1.045	0.864924537952878
3.06499999999996	0.0765177879209557
5.99499999999989	-0.284212836942305
1.22	0.939099356319066
3.40999999999995	-0.265196145871725
5.9399999999999	-0.336488358458603
6.27499999999989	-0.0081852157784256
0.17	0.169182349066996
5.44999999999991	-0.740077310488958
5.5899999999999	-0.638990604328298
5.32499999999991	-0.81814945742757
1.79499999999998	0.974971463548268
0.21	0.2084598998461
1.16	0.916803108771766
3.77999999999994	-0.595917223807717
3.03999999999996	0.101417986316644
1.61499999999999	0.99902317670965
0.4	0.389418342308651
5.6449999999999	-0.595738901433359
6.07999999999989	-0.201790130756234
4.49499999999993	-0.976463923958487
3.63499999999994	-0.473629564069203
2.90499999999996	0.234391568006158
3.52499999999995	-0.374082592209349
4.51999999999993	-0.981550253091501
5.39999999999991	-0.772764487556046
2.59499999999997	0.519779353982787
3.96999999999994	-0.736855592364341
4.74499999999992	-0.999468307822604
5.8849999999999	-0.387746259254591
0.37	0.361615431964962
5.7399999999999	-0.516865444397515
0.055	0.0549722750270677
1.23	0.942488801931696
1.08	0.881957806884947
3.82999999999994	-0.63530804770423
